 -0.00000006568172094  0.00000034328940156  0.00000079356821640  0.00000126444416865
  0.00000171985557045  0.00000216011960287  0.00000262554153907  0.00000314342791067
  0.00000368699124043  0.00000418420189265  0.00000463661663492  0.00000511081870906
  0.00000560070983728  0.00000607487759246  0.00000654214970910  0.00000701793112007
  0.00000748662469476  0.00000796453460502  0.00000846638950792  0.00000896669786935
  0.00000943231922605  0.00000985167728758  0.00001025159681061  0.00001065700293939
  0.00001107012248540  0.00001148614905933  0.00001189334180946  0.00001229590676704
  0.00001270523474905  0.00001310363442339  0.00001345928113163  0.00001378494962524
  0.00001411150514678  0.00001446840012201  0.00001484160996969  0.00001520593960287
  0.00001553892691357  0.00001587662185726  0.00001620045229151  0.00001649649308608
  0.00001680024995329  0.00001713426528438  0.00001748264768087  0.00001782002818729
  0.00001816297452645  0.00001849679834707  0.00001881201902399  0.00001912727848625
  0.00001944484498490  0.00001973633379187  0.00002000873109479  0.00002028179850177
  0.00002055868130703  0.00002085326136578  0.00002116162240438  0.00002147569735232
  0.00002178522726409  0.00002207703786201  0.00002235249998807  0.00002262106417240
  0.00002288586546554  0.00002315203988418  0.00002342398906795  0.00002369388715459
  0.00002395473631548  0.00002421540569962  0.00002447929636979  0.00002473184911918
  0.00002496811165997  0.00002518904968589  0.00002540724311100  0.00002562652098001
  0.00002584655469622  0.00002606770732525  0.00002628342035939  0.00002648570450216
  0.00002668164899799  0.00002685054726384  0.00002702341103264  0.00002721538524936
  0.00002741015873701  0.00002759514867596  0.00002777416364639  0.00002794726368100
  0.00002811742254839  0.00002826319720734  0.00002853718079035  0.00002950502204723
  0.00003701791204549  0.00004154495105359  0.00004816439024007  0.00005518899660937
  0.00006280587561784  0.00007368884725730  0.00009335979034239  1.00000000000000000
 -0.00000006906834176  0.00000035536546391  0.00000082673418800  0.00000131483656633
  0.00000171243343813  0.00000210960339126  0.00000258524691452  0.00000307082943265
  0.00000356688682444  0.00000405581466134  0.00000451321607189  0.00000497959862460
  0.00000549033506663  0.00000601139519994  0.00000650459488375  0.00000696447041012
  0.00000738681300116  0.00000782460946398  0.00000828866311472  0.00000875212371928
  0.00000920870742593  0.00000966900970174  0.00001011318203999  0.00001053398741973
  0.00001094206435688  0.00001137549089813  0.00001181725748472  0.00001223672359053
  0.00001263654086214  0.00001302413324753  0.00001341210890510  0.00001379233944793
  0.00001415226437648  0.00001450104956008  0.00001483990633258  0.00001516367753246
  0.00001548519258998  0.00001582159177004  0.00001616247686016  0.00001649922551270
  0.00001683750743904  0.00001717669222405  0.00001751773562026  0.00001786475512636
  0.00001820054520488  0.00001849832768206  0.00001878710950597  0.00001907999432900
  0.00001936452908148  0.00001967837532023  0.00002000124468748  0.00002028988886608
  0.00002056238481332  0.00002084375509014  0.00002114060942616  0.00002143846664385
  0.00002174179552192  0.00002203286235133  0.00002231856792476  0.00002260643899890
  0.00002289776444019  0.00002319202557593  0.00002348859968709  0.00002378282710695
  0.00002406752032939  0.00002433924746492  0.00002460169256051  0.00002485809803559
  0.00002510256130747  0.00002533558062616  0.00002556248339116  0.00002578668479103
  0.00002600581170039  0.00002622326542296  0.00002643715739435  0.00002665408251448
  0.00002686404503675  0.00002706080525342  0.00002724969672396  0.00002743324811929
  0.00002761323470244  0.00002779246271037  0.00002796463686757  0.00002812567360599
  0.00002826816265574  0.00002837269761754  0.00002882955150524  0.00003070825566696
  0.00004161755894183  0.00004614021456063  0.00005018883154536  0.00005417205834211
  0.00005923766601479  0.00006805408339160  0.00009503465374428  1.00000000000000000
  0.00795619480898822  0.02090600574625103  0.02957774057017937  0.03760547208182156
  0.04677431379323180  0.05518373384346815  0.06305237289623010  0.07148889493125325
  0.08012552373165392  0.08966989140701745  0.10032366703993233  0.11127171350707156
  0.12216566914763993  0.13301991579730019  0.14379677103383900  0.15443233376676893
  0.16503689193444732  0.17542198345966900  0.18538694237417871  0.19539171662432911
  0.20571494436292478  0.21582729378392052  0.22565141192264920  0.23558664472367824
  0.24463097954967733  0.25370460753648255  0.26407703491806844  0.27486995542449816
  0.28520096816621016  0.29435810366196263  0.30335293009521697  0.31333302017275189
  0.32384944032580387  0.33475461588656952  0.34611863733369991  0.35769879655186448
  0.36897240325327219  0.38017605887715417  0.39160354134836550  0.40295954083990027
  0.41445999380141252  0.42591590230264331  0.43698155796611876  0.44788009555666941
  0.45851974540883556  0.46911313646731445  0.47988922136699169  0.49030508143911428
  0.50056772646656900  0.51066606744952614  0.51981904816680669  0.52918536293227325
  0.53925448346699723  0.54975294930400920  0.56066233357387185  0.57139838624254624
  0.58227432668188750  0.59329702758047198  0.60367453542605309  0.61405797611715518
  0.62449212053437919  0.63532385075790221  0.64611107585713323  0.65612838676140983
  0.66560957673507604  0.67457078556197514  0.68335371889156138  0.69270920708324624
  0.70273948322568969  0.71301426726815675  0.72320945651534330  0.73341287565833169
  0.74448606743948642  0.75527330816281046  0.76535627256126515  0.77581935910644362
  0.78673630285931317  0.79750167359071633  0.80769618180628244  0.81764907224103234
  0.82779312114339176  0.83820989432994919  0.84874790741238737  0.85927778988594439
  0.86996390656889622  0.88100292161264782  0.89256185048678804  0.90451855881739107
  0.91646304029128389  0.92814589860070151  0.93954995019629650  0.95088682512598133
  0.96237814196550697  0.97423614613737552  0.98682674031560302  1.00000000000000000
 -0.00000005547610799  0.00000031215375052  0.00000073118480223  0.00000118383140736
  0.00000161382693292  0.00000204207882357  0.00000248985613956  0.00000290433282800
  0.00000331069223881  0.00000374994447082  0.00000424394818723  0.00000472342648186
  0.00000519118994884  0.00000564152938177  0.00000606244749886  0.00000648574148421
  0.00000693651168796  0.00000740636978901  0.00000786015661019  0.00000828863936764
  0.00000868951295365  0.00000906478209143  0.00000942002487209  0.00000976094285790
  0.00001012426406316  0.00001049065714305  0.00001084910217366  0.00001122704741187
  0.00001163154094383  0.00001203934752387  0.00001242323791036  0.00001276128705345
  0.00001309666838115  0.00001345886682446  0.00001380598871697  0.00001410786970815
  0.00001441980883189  0.00001470238484879  0.00001496851297354  0.00001524922155145
  0.00001554517655590  0.00001585003302474  0.00001615140173199  0.00001646400114663
  0.00001679806004076  0.00001712876040689  0.00001744943805769  0.00001776833579321
  0.00001808706641507  0.00001840756048131  0.00001873468547836  0.00001907540737651
  0.00001940843051052  0.00001973453547158  0.00002009691546124  0.00002046372728936
  0.00002082112428852  0.00002117049625924  0.00002152430820591  0.00002185844976219
  0.00002216185679755  0.00002246164317805  0.00002275293853792  0.00002304208438327
  0.00002333214486547  0.00002362210439177  0.00002390443127800  0.00002417599047219
  0.00002444009541268  0.00002470053675262  0.00002495894090775  0.00002521578559669
  0.00002547250441986  0.00002573260910537  0.00002599215075376  0.00002624252346103
  0.00002647827140858  0.00002669859480287  0.00002690883866329  0.00002711588375073
  0.00002732470988449  0.00002753601281191  0.00002774762094590  0.00002795845884741
  0.00002816687949649  0.00002835527000866  0.00002862626625286  0.00002963829314682
  0.00004554641990703  0.00004901633231639  0.00005139585025443  0.00005356205488206
  0.00005685277002742  0.00006477956161640  0.00009654471360828  1.00000000000000000
 -0.00000006076505917  0.00000032831907823  0.00000073363805639  0.00000113404957981
  0.00000158450221637  0.00000206398174810  0.00000250134659925  0.00000293344721200
  0.00000336324212924  0.00000380712447488  0.00000425983328158  0.00000464057478186
  0.00000500622377203  0.00000541048166512  0.00000581369380184  0.00000620341501604
  0.00000660777759134  0.00000696613975396  0.00000730282556434  0.00000764694102558
  0.00000803445241745  0.00000841997486195  0.00000883554296548  0.00000926893823288
  0.00000970221278770  0.00001013204193605  0.00001056313055495  0.00001099889760960
  0.00001143817383944  0.00001187856227213  0.00001231506585873  0.00001274870187084
  0.00001317314738604  0.00001354956804694  0.00001391789201284  0.00001427847511443
  0.00001464248528243  0.00001502727660943  0.00001537214891414  0.00001572583247972
  0.00001608924068945  0.00001645293705280  0.00001681480397054  0.00001717631483160
  0.00001752406182028  0.00001786087459386  0.00001819333051114  0.00001851071313753
  0.00001882077369320  0.00001913335475259  0.00001944927457015  0.00001977444489377
  0.00002010750964867  0.00002045115147454  0.00002079732233095  0.00002113387858481
  0.00002145562567135  0.00002177555476777  0.00002209591578391  0.00002239860817797
  0.00002268222763418  0.00002295616768584  0.00002322786935916  0.00002348755926002
  0.00002373225255407  0.00002397371255202  0.00002420758631899  0.00002446056250679
  0.00002472215229225  0.00002497538406180  0.00002521347216941  0.00002546972555060
  0.00002573216871056  0.00002598507612536  0.00002623038548888  0.00002646855240474
  0.00002669570605842  0.00002691903874732  0.00002714362441106  0.00002736742444362
  0.00002758977774530  0.00002780868247035  0.00002802220494616  0.00002821023119708
  0.00002841144851752  0.00002870934730017  0.00003183515403509  0.00003976921835891
  0.00004348174889338  0.00004718264696367  0.00005088628905338  0.00005459224660633
  0.00005931903154413  0.00006902554984075  0.00009445361051211  1.00000000000000000
  0.00777393401043373  0.02048525005108685  0.03209833257608743  0.04219686608148351
  0.05058802838551978  0.05917175046743935  0.06891943200583785  0.07867779753945220
  0.08713331232129258  0.09496598071538190  0.10373434279552807  0.11439880668084053
  0.12550256111717087  0.13579505886613150  0.14567641373892001  0.15610726743666617
  0.16744744718844193  0.17952557752739043  0.19181977723960611  0.20421043506567527
  0.21673522393098707  0.22890287457619465  0.23970320435150369  0.25054519755754834
  0.26169285351619931  0.27231912919926154  0.28322797613056988  0.29312553032224209
  0.30266948730271764  0.31083868423095473  0.31874231982938939  0.32694619196761338
  0.33539211979947914  0.34462622971915813  0.35367968963941637  0.36314240563141814
  0.37403522754969182  0.38593020995700222  0.39734758194544534  0.40824626630220229
  0.41921524131810256  0.43024271983676565  0.44159996687835301  0.45396090719950205
  0.46703608060108803  0.47895499443271605  0.49026461138081195  0.50096213695225034
  0.51124140168920940  0.52162770728654462  0.53229156556063817  0.54345494819143192
  0.55642308823137132  0.56512474421562131  0.57472621468051666  0.58468351374150485
  0.59553035012611022  0.60664233546579627  0.61765592660984325  0.62823919481753110
  0.63874480023855051  0.64874737283406259  0.65869372612734933  0.66898429468434040
  0.67842970870524111  0.68757487938163642  0.69753355894954427  0.70761411939775776
  0.71739790758730604  0.72622949304319273  0.73528852022357749  0.74554087478376141
  0.75603675887681554  0.76617487211972113  0.77626087700284296  0.78631236004328475
  0.79640957519081401  0.80645194515565843  0.81642852326923143  0.82662007192892062
  0.83702063948861016  0.84727490487772650  0.85753668018654705  0.86826456720271095
  0.87976995370603761  0.89197972412898452  0.90390948187672648  0.91423576139416007
  0.92383593302421940  0.93379521005717681  0.94445114468162839  0.95549433982547971
  0.96640894675182343  0.97700424978616929  0.98858171629430791  1.00000000000000000
 -0.00236446729107047  0.00847554597141370  0.02079718334212040  0.03291532366261441
  0.04461102211373204  0.05588103154979854  0.06682401432300293  0.07764148323615913
  0.08854342052716178  0.09965895878276507  0.11067365397079561  0.12101888580267627
  0.13061406718980390  0.13980658278988731  0.14886145560642430  0.15726375157553910
  0.16715209855696306  0.17847190440367891  0.18884396255475397  0.19938728017627322
  0.21097388792157989  0.22230459712445957  0.23268295886974449  0.24283992167687826
  0.25267932147087357  0.26256994287139601  0.27345142131061972  0.28562088063966978
  0.29802481579267698  0.31049774206244124  0.32301173812601819  0.33545156162454692
  0.34774949487007983  0.35992684150890808  0.37199801254698966  0.38182502532192897
  0.39100963365854463  0.40096502299974329  0.41050465146073006  0.42021230671755078
  0.43046328417774732  0.44058480991289389  0.45019514513266246  0.45975223140621829
  0.46969275084991396  0.47999354762149249  0.49060506674235255  0.50136436227396952
  0.51239995813084316  0.52400563155671320  0.53617211516122198  0.54806637558462734
  0.55908621086532617  0.56971385728419832  0.58071530266730587  0.59240854921374986
  0.60346440396730261  0.61332611967136463  0.62336047404587136  0.63267868133795213
  0.64093422827086322  0.64967989504613555  0.65888766314543723  0.66833382473449232
  0.67861259461715540  0.68879492517262264  0.69863653695112859  0.70907079157692043
  0.71984945616363805  0.73030465929684185  0.74025756375598128  0.75106030721319905
  0.76076007174947147  0.76950204014668433  0.77816649510619829  0.78768079931411983
  0.79830410700942878  0.80900169366581542  0.81954707647749236  0.82972872160135291
  0.84149761465483330  0.85199528310339157  0.86276480909230802  0.87348736533291871
  0.88515457492643934  0.89674320566904664  0.90747540729590426  0.91765756718430025
  0.92774684916351269  0.93763516451838780  0.94797761224907207  0.95911316830797755
  0.97094343690039608  0.98172209978962022  0.99094844919963410  1.00000000000000000
 -0.00257763051293205  0.00980277361329438  0.01971447138975106  0.02974452130830690
  0.03958329887759941  0.04762549656213922  0.05581508958091293  0.06592398219532582
  0.07606954857733268  0.08645957950153355  0.09753613422965947  0.10883629909171610
  0.11979315113925117  0.13061063062517098  0.14197094547940289  0.15287724794575761
  0.16307380382006492  0.17327792302200229  0.18386005951748260  0.19475844892079724
  0.20568098714868904  0.21771446410040668  0.23003370741727863  0.24088084646695923
  0.25034067359320622  0.25973285125636975  0.26895017256147102  0.27897062964242075
  0.28927322537422306  0.29984265141359129  0.31070445539758468  0.32149508146727385
  0.33222136002023572  0.34248658989270131  0.35273010046717451  0.36337637666457856
  0.37354947242656583  0.38404920209140087  0.39345465054711698  0.40298786272704923
  0.41326704346384807  0.42442317920754613  0.43632389606553967  0.44847494660003134
  0.46033154975426976  0.47138939369221211  0.48240678659340386  0.49468622321919231
  0.50506991222272191  0.51532919168840208  0.52592610052619237  0.53685634921499936
  0.54742045451883381  0.55806814736617738  0.56868638072676025  0.58010342968388984
  0.59199234850839444  0.60373811296055246  0.61535531271079480  0.62684148063643408
  0.63796894954676364  0.64860896882285868  0.65889698211397052  0.66896301653958723
  0.67785961916624149  0.68735856074163515  0.69916314285446812  0.71188390548969682
  0.72456560183065388  0.73690501511865336  0.74873559298683445  0.76007867297031750
  0.77111958824937454  0.78201427382838729  0.79226549673243196  0.80196974294060852
  0.81193127675105548  0.82166379515243526  0.83168215085918029  0.84190292805269962
  0.85229004160055877  0.86241879643503383  0.87223210120480743  0.88197149272806563
  0.89212494330053882  0.90289249844891173  0.91339833303041373  0.92254690462197930
  0.93142286779337724  0.94070606408018598  0.94963377053588816  0.95860726394880014
  0.96732458776080454  0.97573026420474707  0.98494862105348835  1.00000000000000000
 -0.00304925325084230  0.01031899161685035  0.02248623867099327  0.03392793484705893
  0.04493478569645799  0.05587810569668037  0.06681960935452241  0.07786440274570658
  0.08877816834533162  0.09941548324626591  0.10962123878089249  0.11941129739428105
  0.12934533707627749  0.13962255592868131  0.14989104503195580  0.16037238593921707
  0.17136712741823629  0.18294517300996713  0.19425869779255697  0.20492335556917024
  0.21554462587760975  0.22609878000909261  0.23628356172775825  0.24641473301136652
  0.25674943843919262  0.26723673103587248  0.27753534454081313  0.28806352747436664
  0.29916058208705065  0.31055828339853858  0.32201616114328452  0.33334712994103782
  0.34436474704742925  0.35545637689675358  0.36680989490184651  0.37828734639042327
  0.38983954013310107  0.40119720637453365  0.41215195593175946  0.42252752896066131
  0.43274076994629374  0.44313301646611014  0.45348367754021995  0.46345352809082319
  0.47307184408722253  0.48247763737973742  0.49174123542668557  0.50106698512221015
  0.51012481566318035  0.51872926376965112  0.52823409659115150  0.53799390136576908
  0.54806636707149903  0.55778777300278015  0.56754369007745731  0.57842407310860799
  0.58939729221011361  0.60019681688216797  0.61025132951393191  0.61862401599222805
  0.62830256858446276  0.63854384191862623  0.64989011164221600  0.66072046328212453
  0.66975813542948714  0.67957926949295122  0.69029587864228370  0.70213394947839802
  0.71471120837923718  0.72686748933651424  0.73719691448349323  0.74775746420591638
  0.75779329644535887  0.76854707532501898  0.77973337234977469  0.79074053665709587
  0.80148982317375972  0.81157437778481978  0.82169020217029454  0.83135642568697310
  0.84281494965963866  0.85458777310276401  0.86609741254330663  0.87754444928121000
  0.88894429987991153  0.90021062801271368  0.91106877565291955  0.92090963796762326
  0.93065532777877003  0.94043324948542739  0.94935779308096746  0.95888451233195993
  0.96916155253398883  0.97921627791549504  0.98970259156315821  1.00000000000000000
 -0.00215595676975318  0.00842821725040160  0.01998305264820815  0.02992166107655164
  0.03931142257941932  0.04852271433066357  0.05813240670618224  0.06958730711179716
  0.08060070161044525  0.09197587824788546  0.10391049669733837  0.11628040485399001
  0.12878568929283699  0.14009933794063478  0.14974602499422832  0.15833488042117386
  0.16693524698175832  0.17676088675440263  0.18765432807099394  0.19865777157324568
  0.20946421196918047  0.22030616177082238  0.23101393952687152  0.24185708281534465
  0.25314234510577704  0.26447969323190162  0.27572259591150416  0.28590685705645152
  0.29558285560113784  0.30568998825244786  0.31625331733206691  0.32620001473358751
  0.33593436042214819  0.34554930510390880  0.35537983568889209  0.36628964551414633
  0.37784672653237827  0.38863902730161776  0.39804220590885603  0.40690424996092500
  0.41622178835283385  0.42583380756204631  0.43506853000172302  0.44428184272503801
  0.45366650662147673  0.46351353361262748  0.47385345817921309  0.48468339354936651
  0.49550548519805837  0.50587781286920619  0.51602392120013318  0.52640343937566647
  0.53651181990447849  0.54597965795909342  0.55609697576639516  0.56707343521992160
  0.57828342749995310  0.58923434087420856  0.59996786583364492  0.61079309285535710
  0.62169161427183317  0.63314204421839770  0.64459865579293707  0.65518802465111337
  0.66511008457890031  0.67491436029011020  0.68568957573560019  0.69757866155800807
  0.70876740496502910  0.71864045713128977  0.72829990348031215  0.73823391765957536
  0.74848455540795089  0.75865935388101435  0.76901487195242813  0.77995233172929934
  0.79110655574696753  0.80219069469221449  0.81308503971517965  0.82379226913074233
  0.83483662458137808  0.84633972523645595  0.85800689868539581  0.86959560349032283
  0.88102808268476440  0.89274183285833653  0.90517116547434517  0.91581296171939230
  0.92709806252355553  0.93827164618269021  0.94942361749666015  0.96055912632488194
  0.97132396866905768  0.98130662509242239  0.98996447290633660  1.00000000000000000
 -0.00244428582638850  0.00947285233636570  0.02008334358552690  0.02991930962539567
  0.03942119980692337  0.04940483704498527  0.05952139282431843  0.06927815050937874
  0.07899498936115533  0.08831376500282863  0.09720992414929151  0.10724890454675476
  0.11783455133394706  0.12930925051755843  0.14190380203844838  0.15371619099162215
  0.16542254395855874  0.17641893245920298  0.18594325118795055  0.19528057664697149
  0.20523642849670709  0.21687350659609805  0.22790586842555813  0.23816557734842680
  0.24852885935188804  0.25863334511764441  0.26911672506076928  0.28046343966123355
  0.29127225325428358  0.30065605428971864  0.31026872338424966  0.31965514695741176
  0.32968512743843298  0.33993358033068538  0.35042829152951982  0.36121930815888176
  0.37212991010914537  0.38302671284660261  0.39420611598173266  0.40488270040584262
  0.41531283522938095  0.42575584836335650  0.43552969011216203  0.44548683285980206
  0.45480838086084574  0.46265893096942479  0.47043183359415397  0.47855999799377430
  0.48831770353534121  0.49681934192439214  0.50587792934124498  0.51629981875806119
  0.52708766010401731  0.53777569237148215  0.54871352606134471  0.55987861258137561
  0.57114356144199030  0.58221755373640349  0.59310425908618702  0.60391216881617116
  0.61461852561519215  0.62533585162286820  0.63617866280368784  0.64717217512431835
  0.65808406048916990  0.66903485192582879  0.68040292660043189  0.69196854823591547
  0.70350659907896729  0.71510160169156234  0.72661677708984873  0.73797739058091849
  0.74917147655682748  0.76033946171399214  0.77180495272509375  0.78340325281441214
  0.79432564744223877  0.80479728500189007  0.81478803101730657  0.82480847306117167
  0.83587235165533880  0.84571766737810883  0.85488198609001864  0.86445830860546802
  0.87442658976185572  0.88456282934995589  0.89459233699300933  0.90493794008852413
  0.91570687499500480  0.92652122078794696  0.93739928269256712  0.94867596093820561
  0.96056780193547808  0.97310406900905855  0.98609575718483888  1.00000000000000000
 -0.00238924347146084  0.00912436203132646  0.02045402081233528  0.03155470362375589
  0.04303292169957564  0.05428321850884200  0.06544149947898173  0.07600853439940347
  0.08581272192716068  0.09536499960382962  0.10497174425722663  0.11529831534965879
  0.12632986818165284  0.13791236273747418  0.14941776576706919  0.16061420292463155
  0.17172867310194845  0.18279887182178550  0.19374885681483792  0.20477940312110127
  0.21608016347685091  0.22789337606373095  0.24000658962646110  0.25199390753933348
  0.26306938148244974  0.27376294342713581  0.28465908481083163  0.29492964104648434
  0.30549069180694299  0.31693201525666509  0.32835623329765556  0.33949368346794639
  0.34970962689159796  0.35950692492812653  0.37037017641487385  0.38190930092074066
  0.39319785599791857  0.40349104777406625  0.41344074617713383  0.42340184044641466
  0.43192990288766736  0.44187683061833494  0.45296410051840785  0.46423099963116615
  0.47469646649501007  0.48445057275066611  0.49468829293469013  0.50578989060047785
  0.51744919171469395  0.52959316477673946  0.54203557721989393  0.55410706729838111
  0.56509144890199570  0.57525968548737094  0.58539540607660068  0.59570465076850510
  0.60567899891572508  0.61563009672375191  0.62520395817340280  0.63559701127120949
  0.64554123217971604  0.65553779774803700  0.66487574018807760  0.67401150865028669
  0.68370476318872120  0.69392402566562705  0.70463084024188860  0.71564265022909779
  0.72688587613298061  0.73832546133913013  0.75001542062667226  0.76166579460210615
  0.77252102205081141  0.78218496527528003  0.79193743543952744  0.80122141775834721
  0.80999955327286144  0.81894024487192285  0.82737886327629073  0.83527173738533178
  0.84564745040648148  0.85643444975853222  0.86695567282886377  0.87749424548587840
  0.88788536388605910  0.89779472075353894  0.90789465440683426  0.91774041233426185
  0.92714036317566628  0.93723750643257264  0.94775790260217685  0.95756016209421790
  0.96763695394044880  0.97749489371568510  0.98794051785860126  1.00000000000000000
 -0.00183537424546738  0.00823144671963968  0.01520727057323513  0.02340912799917581
  0.03241175643404604  0.04164389927075299  0.05110192787825393  0.05922460997835791
  0.06897507746841534  0.07974516740854565  0.09020113413652879  0.10057862632286159
  0.11107729432919183  0.12229959819882330  0.13313243404571265  0.14403972513911473
  0.15569219732334383  0.16800824835844569  0.18070594026854778  0.19313598580616276
  0.20452752542528332  0.21484603454744666  0.22500444642154799  0.23575004398395705
  0.24667253856173421  0.25709899634710742  0.26755556282877557  0.27891118952141281
  0.29100936295910873  0.30319828307542634  0.31471248907068494  0.32533768944820379
  0.33541803628040873  0.34497397420968945  0.35470206449120778  0.36459373004159551
  0.37422258902084288  0.38504996670592878  0.39618669291595254  0.40723552993196188
  0.41743329307267973  0.42694924353445385  0.43586447424139413  0.44418596880278260
  0.45316132233080714  0.46329130057653584  0.47424360585118636  0.48589148169230068
  0.49730089602598382  0.50778790561058096  0.51774374775888132  0.52746877971281636
  0.53750008459394882  0.54796180127592542  0.55821204263812763  0.56847308727596146
  0.57936985979963085  0.59059715125583689  0.60171631459719865  0.61265131559031905
  0.62334198146273967  0.63404155011957986  0.64522610527946722  0.65657062247268949
  0.66774814862443932  0.67866955344526647  0.68949254189859821  0.70024928009358789
  0.71100990911888640  0.72189612179251816  0.73270112632687623  0.74345294092232828
  0.75415801805523819  0.76483938509498228  0.77521123504462186  0.78524907773018415
  0.79502554217866617  0.80532902408308515  0.81555143939387276  0.82642345912468684
  0.83787079556695809  0.84940550235147028  0.86082637731277556  0.87178617906278588
  0.88255472519811728  0.89379323567524727  0.90504705605183966  0.91526054426047831
  0.92520347349467225  0.93573953301176382  0.94624812709053663  0.95635671939163436
  0.96675933439913542  0.97769888984022968  0.98868335272761265  1.00000000000000000
 -0.00218196611514897  0.00836812323954837  0.02001771824286746  0.02931547700570636
  0.03909527588818644  0.05048705377958752  0.05993174725495723  0.06998561150498415
  0.08014707452615390  0.09185761259831970  0.10435853810221414  0.11602794921409273
  0.12649452915023707  0.13632357324128216  0.14674055221630120  0.15669596980736808
  0.16544264860049440  0.17696797736932202  0.18654035118540008  0.19505300127022054
  0.20464226713238010  0.21515952503594180  0.22778190458849551  0.24055510402605651
  0.25159428596406469  0.26231227721813266  0.27132799653081413  0.27918375274339263
  0.28877656488392783  0.29894002024853689  0.30823922412583549  0.31757524012324650
  0.32733888836218095  0.33760140410858663  0.34837212734010681  0.35927384895391157
  0.36988441486752821  0.38025627214247093  0.39027574120262715  0.40068110875595370
  0.41177931885046787  0.42342337288521698  0.43493301049608907  0.44618829458971609
  0.45798914155928050  0.46997176581625605  0.48121058238317826  0.49272669973316102
  0.50446027467656163  0.51585266487819648  0.52628282910464108  0.53703851620867749
  0.54794521162114918  0.55828400798453182  0.56831632560005330  0.57817818014892230
  0.58813393593947760  0.59861180812214076  0.60880586242875534  0.61834568834919212
  0.62816983034177243  0.63809349845408081  0.64788913113666369  0.65774497485915995
  0.66834326756394402  0.67918957881046815  0.68892485958156624  0.69839033729328204
  0.70817796042729231  0.71849617446621772  0.72898145375879375  0.73928168141802308
  0.74960084246249159  0.76033287799421656  0.77168920971436838  0.78338996537178085
  0.79496511326539476  0.80609474488652011  0.81672518124703464  0.82728503489913008
  0.83828732243230530  0.84936943568378698  0.86087153754068180  0.87203731804588214
  0.88265539766503542  0.89347573474756681  0.90450594587586042  0.91567511425470816
  0.92711435747252169  0.93787521361716986  0.94857050221330330  0.95869773716360818
  0.96854631200788532  0.97860804691849479  0.98956315366244629  1.00000000000000000
 -0.00248859475475564  0.00869899372104193  0.02063568979670516  0.03230479109633665
  0.04405649032590639  0.05607778694351350  0.06840704201577658  0.08102094790077505
  0.09386537346163758  0.10630719850713446  0.11758026719964712  0.12838541000824896
  0.13911508099121747  0.14903652443367213  0.15854768178677414  0.16851300534214181
  0.17923717283498483  0.18928272493615125  0.19816882984307435  0.20666191476405932
  0.21475321626386654  0.22397895475062127  0.23266394519112937  0.24040451710000238
  0.24955503314853539  0.25848302219505076  0.26662168615284998  0.27520387461530271
  0.28508839541793207  0.29573924461318596  0.30624644959673980  0.31624899158167630
  0.32596554034506997  0.33579309365581939  0.34611065895981979  0.35734766047408351
  0.36816167139698536  0.37789409490590525  0.38784293126577690  0.39818752531217028
  0.40877586634611124  0.41898075649489863  0.42859418335858757  0.43896544767495888
  0.44933797527369529  0.45973399448163377  0.47066936233043993  0.48144688488586962
  0.49203984626842745  0.50249509597709574  0.51174217861805060  0.52024869601759094
  0.53031569301227310  0.54110725893335954  0.55154740212881903  0.56209026019181552
  0.57340222745990288  0.58448663244790755  0.59485744140223262  0.60530084264826700
  0.61591079521986369  0.62603395150575836  0.63557997202960803  0.64490368809384713
  0.65436246443594237  0.66501313785741889  0.67687722518644489  0.68907382281851293
  0.70124306896054300  0.71326849461392627  0.72510584025299141  0.73682769263435732
  0.74846402409192148  0.76014160872221159  0.77157821543346250  0.78254644454157785
  0.79354634517081502  0.80416279311157646  0.81424196272479521  0.82419794021745452
  0.83427633486644870  0.84461657398710999  0.85521537358220490  0.86586972678622287
  0.87651163745200489  0.88719065486616211  0.89802199660567794  0.90920067236906266
  0.92065204774762455  0.93183479195801311  0.94276857520991098  0.95416123083822957
  0.96582023250632298  0.97744526274118892  0.98902187778553463  1.00000000000000000
 -0.00156844780752959  0.00730283066885253  0.01684836025971488  0.02726276024038890
  0.03837852361242066  0.05010703580450845  0.06145025558487915  0.07204776242292407
  0.08168869361390130  0.09156268709605037  0.10217244635351924  0.11326896069656087
  0.12498190749480913  0.13715887194740983  0.14915047869874917  0.16053341290943771
  0.17098893985194860  0.18139354367446520  0.19105613419084785  0.20058919196660371
  0.21048768222840383  0.21901642329796869  0.22886568385324207  0.24026065291177512
  0.25076593460265661  0.26046694760150485  0.26999156728912627  0.27898914805506320
  0.28908078904305184  0.30008822787542988  0.31098233176908691  0.32150306519119143
  0.33165999542741903  0.34142903680547132  0.35150653723695480  0.36209021959261201
  0.37293468324303902  0.38409307317704700  0.39576747297464843  0.40798230646524447
  0.41894476890087412  0.42662041855720667  0.43532873548569218  0.44495599464165808
  0.45446612721813207  0.46389461983255120  0.47382359497301024  0.48403829702344991
  0.49528351143931948  0.50687172494659838  0.51846627796799172  0.52980450940573776
  0.54093683523828606  0.55196064810673329  0.56272562723478781  0.57294892887167914
  0.58292856101107005  0.59303491304556821  0.60326658518262677  0.61354983361213489
  0.62374317191042106  0.63412890428118585  0.64507036184894928  0.65598289667623944
  0.66664748881899571  0.67769519997315530  0.68887958462702670  0.69951946825476041
  0.70937760181615384  0.71877150777498278  0.72876270529839993  0.73965726235225504
  0.75051077761299345  0.76119130485110376  0.77173577436951069  0.78223841104972658
  0.79293885227357697  0.80385678168139096  0.81499399176981402  0.82637038722374634
  0.83818344152923696  0.85031646223141566  0.86187164786298520  0.87225359245513612
  0.88122313859163870  0.89147727961872725  0.90154170585583493  0.91255639405588418
  0.92547224726464972  0.93782036509826117  0.94859379455514525  0.95978821287917293
  0.96973231621085798  0.98007724835481114  0.98991379561167459  1.00000000000000000
 -0.00248241171166526  0.00954446871315858  0.01980563432104294  0.03143067479005859
  0.04194239314130337  0.05111471347011984  0.06045526174301890  0.06930432761676354
  0.07816938350043913  0.08690314701619579  0.09595509858716615  0.10584172176500810
  0.11632735682553143  0.12711366967495319  0.13786649377557841  0.14868930290628396
  0.15982602319854924  0.17120182687738578  0.18269323209149868  0.19443677595576186
  0.20681566378486096  0.21864400451772026  0.22705831656217085  0.23702889998394150
  0.24542641191034320  0.25459215948109043  0.26398681438040644  0.27431737043493531
  0.28518250466134082  0.29536810626091531  0.30497754788186843  0.31483267064297121
  0.32509336296825353  0.33571698737566047  0.34689628790658883  0.35840468415444704
  0.36975407496036283  0.38065899938658926  0.39129202902815979  0.40167461156369383
  0.41129268730419605  0.42053487477358531  0.43033777449879745  0.44109823833262296
  0.45231089078790437  0.46307145735622379  0.47330676629044882  0.48362963906028467
  0.49415773093590881  0.50466458519482871  0.51527349710629800  0.52602029778221349
  0.53722091232463132  0.54927911496459092  0.56143131538222113  0.57271514461463968
  0.58314535583719695  0.59287249466349567  0.60234716476646000  0.61206680352381237
  0.62260136340709071  0.63302516921279972  0.64266908357929542  0.65284047483841690
  0.66403757909645555  0.67560128742154979  0.68660901190573453  0.69681624642632178
  0.70693307661299587  0.71679456882123394  0.72647840640773820  0.73642698503987536
  0.74684146834320542  0.75778454115500093  0.76907618649275600  0.78044984264583173
  0.79155685500296580  0.80243225568729959  0.81341589276235160  0.82443159064228799
  0.83558399454206111  0.84679565731668227  0.85775924051802999  0.86897741827400277
  0.88072385864496738  0.89237590092660302  0.90500520207115587  0.91601378942201406
  0.92713890295422285  0.93760334491468367  0.94800874744714847  0.95692602355628376
  0.96638606200376698  0.97619797619771198  0.98757189813904367  1.00000000000000000
 -0.00278889391301855  0.00953189881737872  0.02147733510990794  0.03321691977993264
  0.04490765404498847  0.05661471523244783  0.06811541751624725  0.07933167376261777
  0.09024774116453020  0.10078334707151426  0.11123657063682450  0.12230514270958004
  0.13361289532946272  0.14448003189778408  0.15528384720590563  0.16645681766956028
  0.17795562189771602  0.18962576879309162  0.20137246194350125  0.21327272715306675
  0.22509863722603318  0.23648062994707927  0.24802748186664850  0.25854977057114437
  0.26883145004089498  0.27967491821710816  0.28886487086414941  0.29730471181217893
  0.30599147444346075  0.31533840489496462  0.32512321268589567  0.33477199158217980
  0.34477448880995204  0.35477980074517423  0.36430148983144950  0.37346800497821636
  0.38373358830536486  0.39510289696001305  0.40660394495842045  0.41804045204611551
  0.42906692830647697  0.43944019957471009  0.44952010080402166  0.45970998520004341
  0.47038434329938228  0.48088129580094441  0.49091126947268027  0.50110902451416894
  0.51102718111550494  0.52125083830638197  0.53234967732259919  0.54353766634543133
  0.55445135145340607  0.56502194964210095  0.57594793012770851  0.58770677014070605
  0.59979465719910086  0.61156924590061734  0.62277132076125785  0.63316377352406750
  0.64272547031167360  0.65194827097782737  0.66140542539887470  0.67139303017105978
  0.68181622005997611  0.69216797082898029  0.70232188188678890  0.71253811661391098
  0.72252060239875537  0.73282345893809919  0.74375317349282843  0.75479375391456083
  0.76604413690090456  0.77754384679735955  0.78899879929444905  0.80045024096715489
  0.81207405101021657  0.82381702966308812  0.83534383391927314  0.84636416810258130
  0.85724526663428813  0.86784332639520501  0.87757608590950609  0.88637491493262532
  0.89569213087493771  0.90580732794458718  0.91576513469867993  0.92543481643774217
  0.93460378346412198  0.94257945751201522  0.95112991209431985  0.96055770465874557
  0.97002167196103994  0.97967995442030453  0.98917515186644245  1.00000000000000000
 -0.00254823023419223  0.00984516153658858  0.02003442012029577  0.02972678548199232
  0.04065861975841099  0.05138468746024782  0.06192025598131506  0.07179319226741579
  0.08059140461492662  0.08949962404538403  0.09932547388372201  0.10975903872092742
  0.12043031261312095  0.13164157528319073  0.14341732958835396  0.15450865618394516
  0.16414100423376590  0.17324521584706354  0.18314043193055626  0.19363473260790681
  0.20470348518772302  0.21640803197319478  0.22838867875474356  0.24028816375994161
  0.25199440173018034  0.26341122513692417  0.27444388773452982  0.28509198482687509
  0.29567577980376453  0.30634218118413770  0.31707418906529172  0.32991060656899690
  0.34014871955724296  0.34980807688806975  0.35841933103375267  0.36827680766145116
  0.37640826040773301  0.38410081840143456  0.39306395053965698  0.40357592725357805
  0.41511200344940302  0.42656796653088375  0.43708537889566929  0.44706755214773686
  0.45706177820621730  0.46718014177900252  0.47783562636607257  0.48907308298780000
  0.50040951922826249  0.51176126698320135  0.52309963079925492  0.53416700984792875
  0.54478726777533582  0.55525099521226462  0.56629765718276925  0.57750188897696342
  0.58867666000835361  0.59943080999136400  0.61027055284336706  0.62118712843409030
  0.63274994890201841  0.64448425235872486  0.65556716180824748  0.66606753585006806
  0.67674614113209730  0.68748574157025433  0.69832106371656333  0.70944593533042644
  0.72037907138032287  0.73052328910694408  0.74107426936375320  0.75142434394403357
  0.76194142761541128  0.77292346707799908  0.78348114058263985  0.79370805684708845
  0.80385257562348800  0.81377377759108760  0.82333300089579187  0.83256881100096292
  0.84223763729992573  0.85214666488650004  0.86205385074684682  0.87307575947454930
  0.88304792523221454  0.89378872000876464  0.90427786683985301  0.91419929688841839
  0.92444695014830647  0.93554218111544774  0.94715463184029292  0.95826119824084921
  0.96904186505769463  0.98015973415682378  0.99034703495126164  1.00000000000000000
 -0.00231435734731939  0.00840550135101152  0.02033662016574667  0.03210245119222659
  0.04294176434371400  0.05312328217374698  0.06329370581251419  0.07316365801021099
  0.08326025742733245  0.09321751212305456  0.10405048834859813  0.11527864554224261
  0.12611800166392606  0.13661459070302168  0.14753006175316449  0.15898514814989742
  0.17093640944584607  0.18345282137711566  0.19610507760668316  0.20813052340892590
  0.21951522549826175  0.23073385553122733  0.24185042079516822  0.25266899025517509
  0.26329656172151855  0.27394091198941611  0.28466415896117814  0.29567065114776309
  0.30681609403866250  0.31709057364470317  0.32649077200575399  0.33580331307963335
  0.34508842792297573  0.35447267090741319  0.36430685133805202  0.37455192506488288
  0.38523715284721000  0.39632496001636780  0.40756684849900870  0.41853793655955579
  0.42902208438744688  0.43927802962394313  0.44964531694440568  0.46009046504742895
  0.47047960295877772  0.48082919714796252  0.49117317829151164  0.50085294182645734
  0.50904671706504467  0.51755691096572010  0.52704344732710273  0.53734739627006378
  0.54757325177849347  0.55712859356198630  0.56755154905780336  0.57897079399854368
  0.59029313313823306  0.60111249193179539  0.61187822017925086  0.62276325656125286
  0.63374987758203771  0.64484151348559604  0.65620692234324296  0.66760895130963638
  0.67890555438476741  0.69016937530232259  0.70148908847455149  0.71279222172809964
  0.72397097093112117  0.73494233642035822  0.74564934428913299  0.75625865929075031
  0.76660142252493768  0.77629178838512869  0.78587526788112838  0.79616770721631513
  0.80724720202599165  0.81854771885645949  0.82952542846991684  0.84001213187685864
  0.84997506067286810  0.85996532046357355  0.87066836521468727  0.88169149925589430
  0.89243859411614312  0.90303074405975492  0.91366228191667664  0.92442733863961979
  0.93520219634110557  0.94545013483791396  0.95572453839228289  0.96610940318933136
  0.97427966720524606  0.98229178799378880  0.99073228153004200  1.00000000000000000
  0.00838503937108217  0.01915416591714014  0.03024347742032874  0.04127667935694625
  0.05241497919719185  0.06318783505965116  0.07324911911786780  0.08311741643491381
  0.09362513934669728  0.10403065259066950  0.11434893207170066  0.12525445873583485
  0.13673462721191507  0.14805613341433951  0.15935580968758362  0.17096294246034383
  0.18297940248171854  0.19514153227445613  0.20713468021052617  0.21875390754412652
  0.22981390227894413  0.23986027139125737  0.24944574194587249  0.25968803455495898
  0.27046879144654101  0.28143446165807190  0.29235899830659634  0.30307299393070369
  0.31348940674286241  0.32402464448445911  0.33478454433897409  0.34567634803916036
  0.35675081777724887  0.36813577366965966  0.37936945384877635  0.38954624753523903
  0.39833136254516177  0.40629170122195229  0.41492294177854783  0.42468873089729603
  0.43619010170872691  0.44702885078535604  0.45751236965979991  0.46759322606140580
  0.47845850440478971  0.48942046586219756  0.50043013620029575  0.51148574896234655
  0.52216270972338874  0.53221519478667134  0.54208678708387892  0.55215103552994460
  0.56227554398815716  0.57211489932581283  0.58195975400079791  0.59281084209624280
  0.60447267608492850  0.61610377342600864  0.62748945511274756  0.63864605151948173
  0.64913521691829579  0.65928984235711652  0.66949213743721370  0.67936625943874629
  0.68921601668253274  0.69909301766679410  0.70829697591289620  0.71690288867324192
  0.72626510736253047  0.73644100725109529  0.74697233440253807  0.75712659084745393
  0.76665870702491390  0.77624624955060006  0.78522334046311326  0.79315351166564141
  0.80253461919151692  0.81219227257036375  0.82216178577166221  0.83286984361408956
  0.84371710586422233  0.85437968555121424  0.86541355586359980  0.87690796880552602
  0.88864433084595784  0.89978892381731934  0.90970071693864096  0.91901058070451247
  0.92894360170326917  0.93980151659037880  0.95114879394415597  0.96226478786891145
  0.97212193712504058  0.98205643470974135  0.99129392305687314  1.00000000000000000
 -0.04531828688604662  0.18931662479541789  0.23578743626744242  0.26034338137926832
  0.27731880022945843  0.29096062539578932  0.30280259351701533  0.31341235596689693
  0.32242002658569929  0.33008483946037581  0.33752131213353381  0.34490369734451470
  0.35189893232752323  0.35863275306086839  0.36518954132891956  0.37109163951235280
  0.37621519786028462  0.38120783951730902  0.38581293481967727  0.39002817514926819
  0.39449320877263538  0.39907240298325841  0.40353188066275325  0.40764432606499906
  0.41182555241874524  0.41523545514827659  0.41877808759801721  0.42231759689651804
  0.42610079533001377  0.43002990814254677  0.43379786836522038  0.43744669484718690
  0.44115311497965781  0.44497694536376936  0.44873876732557982  0.45249093502232574
  0.45629142628056152  0.46032840643621381  0.46427459568987772  0.46819559905103764
  0.47227871536191407  0.47634796106464977  0.48017022087367367  0.48383002643583622
  0.48741169928742140  0.49085480986077507  0.49399148463945897  0.49692790660433100
  0.50014247509727294  0.50346268078056211  0.50683068240535756  0.51025630325943205
  0.51387062603165357  0.51742498989907526  0.52104924660939411  0.52469886908079788
  0.52843203362178759  0.53209604215471340  0.53583744212855333  0.53972683993104154
  0.54367716843045366  0.54763412893906094  0.55156953874415759  0.55547378466662090
  0.55938306964963180  0.56329081706506479  0.56714483684332695  0.57099968321084826
  0.57491827723008582  0.57887447233840272  0.58288951823949908  0.58708356309556975
  0.59163811491710294  0.59652200809912814  0.60145247514631772  0.60625079148532002
  0.61101196222682230  0.61582341189122491  0.62067974179385321  0.62552252618235693
  0.63059814499000832  0.63605568644690758  0.64161338739074636  0.64741138398246989
  0.65386697528258886  0.66146078136844100  0.66972744486560676  0.67773046084768285
  0.68618509117803639  0.69625254689025329  0.70753311042589517  0.71999929729807199
  0.73628181611587362  0.76176819902714110  0.80644398864231459  1.00000000000000000
   2.1811508171233138E-011  -1.0000000000000000     
 T F F F F F F F F F F F F F F F F F F F F F F F F F F F F F F F F F F F F F F F F F F F F F F F F F F F F F F F F F F F F F F F F F F F F F F F F F F F F F F F F F F F F F F F F F F F F F F F F F F F F F F F F F F F F F F F F F F F F F F F F F F F F F F F F F F F F F F F F F F F F F F F F F F F F F F F F F F F F F F F F F F F F F F F F F F F F F F F F F F F F F F F F F F F F F F F F F F F F F F F F F F F F F F F F F F F F F F F F F F F F F F F F F F F F F F F F F F F F F F F F F F F F F F F F F F F F F F F F F F F F F F F F F F F F F F F F F F F F F F F F F F F F F F F F F F F F F F F F F F F F F F F F F F F F F F F F F F F F F F F F F F F F F F F F F F F F F F F F F F F F F F F F F F F F F F F F F F F F F F F F F F F F F F F F F F F F F F F F F F F F F F F F F F F F F F F F F F F F F F F F F F F F F F F F F F F F F F F F F F F F F F F F F F F F F F F F F F F F F F F F F F F F F F F F F F F F F F F F F F F F F F F F F F F F F F F F F F F F F F F F F F F F F F F F F F F F F F F F F F F F F F F F F F F F F F F F F F F F F F F F F F F F F F F F F F F F F F F F F F F F F F F F F F F F F F F F F F F F F F F F F F F F F F F F F F F F F F F F F F F F F F F F F F F F F F F F F F F F F F F F F F F F F F F F F F F F F F F F F F F F F F F F F F F F F F F F F F F F F F F F F F F F F F F F F F F F F F F F F F F F F F F F F F F F F F F F F F F F F F F F F F F F F F F F F F F F F F F F F F F F F F F F F F F F F F F F F F F F F F F F F F F F F F F F F F F F F F F F F F F F F F F F F F F F F F F F F F F F F F F F F F F F F F F T F F F F F F F F F F F F F F F F F F F F F F F F F F F F F F F F F F F F F F F F F F F F F F F F F F F F F F F F F F F F F F F F F F F F F F F F F F F F F F F F F F F F F F F F F F F F F F F F F F F F F F F F F F F F F F F F F F F F F F F F F F F F F F F F F F F F F F F F F F F F F F F F F F F F F F F F F F F F F F F F F F F F F F F F F F F F F F F F F F F F F F F F F F F F F F F F F F F F F F F F F F F F F F F F F F F F F F F F F F F F F F F F F F F F F F F F F F F F F F F F F F F F F F F F F F F F F F F F F F F F F F F F F F F F F F F F F F F F F F F F F F F F F F F F F F F F F F F F F F F F F F F F F F F F F F F F F F F F F F F F F F F F F F F F F F F F F F F F F F F F F F F F F F F F F F F F F F F F F F F F F F F F F F F F F F F F F F F F F F F F F F F F F F F F F F F F F F F F F F F F F F F F F F F F F F F F F F F F F F F F F F F F F F F F F F F F F F F F F F F F F F F F F F F F F F F F F F F F F F F F F F F F F F F F F F F F F F F F F F F F F F F F F F F F F F F F F F F F F F F F F F F F F F F F F F F F F F F F F F F F F F F F F F F F F F F F F F F F F F F F F F F F F F F F F F F F F F F F F F F F F F F F F F F F F F F F F F F F F F F F F F F F F F F F F F F F F F F F F F F F F F F F F F F F F F F F F F F F F F F F F F F F F F F F F F F F F F F F F F F F F F F F F F F F F F F F F F F F F F F F F F F F F F F F F F F F F F F F F F F F F F F F F F F F F F F F F F F F F F F F F F F F F F F F F F F F F F F F F F F F F F F F F F F F F F F F F F F F F F F F F F F F F F F F F F F F F F F F F F F F F F F F F F F F F F F F F F F F F F F F F F F F F F F F F F F F F F F F F F F F F F F F F F F F F F F F F F F F F F F F F F F F F F F F F F F F F F F F F F F F F F F F F F F F F F F F F F F F F F F F F F F F F F F F F F F F F F F F F F F F F F F F F F F F F F F F F F F F F F F F F F F F F F F F F F F F F F F F F F F F F F F F F F F F F F F F F F F F F F F F F F F F F F F F F F F F F F F F F F F F F F F F F F F F F F F F F F F F F F F F F F F F F F F F F F F F F F F F F F F F F F F F F F F F F F F F F F F F F F F F F F F F F F F F F F F F F F F F F F F F F F F F F F F F F F F F F F F F F F F F F F F F F F F F F F F F F F F F F F F F F F F F F F F F F F F F F F F F F F F F F F F F F F F F F F F F F F F F F F F F F F F F F F F F F F F F F F F F F F F F F F F F F F F F F F F F F F F F F F F F F F F F F F F F F F F F F F F F F F F F F F F F F F F F F F F F F F F F F F F F F F F F F F F F F F F F F F F F F F F F F F F F F F F F F F F F F F F F F F F F F F F F F F F F F F F F F F F F F F F F F F F F F F F F F F F F F F F F F F F
  <DiscreteSampler_grid>
  grouped_processes
  1 # 1 for a reference and 2 for a running grid.
  10 # Attribute 'min_bin_probing_points' of the grid.
  1 # Attribute 'grid_mode' of the grid. 1=='default',2=='initialization'
  0.0000000000000000 # Attribute 'small_contrib_threshold' of the grid.
  0.5000000000000000 # Attribute 'damping_power' of the grid.
 # binID   n_entries weight   weight_sqr   abs_weight
    37   10   3.495972490366862E+009   9.786574291218267E+019   3.495972490366862E+009
    40   10   3.736369233693614E+008   1.117877612747475E+018   3.736369233693614E+008
    43   10   3.736369233693784E+008   1.117877612747588E+018   3.736369233693784E+008
    46   10   1.996648298715211E+007   3.192256861022782E+015   1.996648298715211E+007
    49   10   9.983241493575772E+006   7.980642152556421E+014   9.983241493575772E+006
    52   10   1.996648298715246E+007   3.192256861022892E+015   1.996648298715246E+007
    55   10   1.066972822924476E+006   9.115938766946525E+012   1.066972822924476E+006
    58   10   9.983241493576329E+006   7.980642152557395E+014   9.983241493576329E+006
    61   10   1.066972822924487E+006   9.115938766946723E+012   1.066972822924487E+006
    64   10   2.850855119532064E+004   6.507961547312448E+009   2.850855119532064E+004
  </DiscreteSampler_grid>
