 -0.00000001210999642  0.00000008384474765  0.00000020726993077  0.00000034794593343
  0.00000049201038622  0.00000063564714486  0.00000077767466333  0.00000092233779887
  0.00000107467714814  0.00000122811369837  0.00000139125480063  0.00000155677672973
  0.00000172166385464  0.00000188402478732  0.00000204022468258  0.00000219575725145
  0.00000234951541980  0.00000249890970363  0.00000264590142858  0.00000279369920286
  0.00000294270409903  0.00000309151339184  0.00000323758841066  0.00000338770014160
  0.00000354180157215  0.00000369774309802  0.00000385511253177  0.00000401379647178
  0.00000417215057442  0.00000433017238525  0.00000448995541921  0.00000465117624096
  0.00000480611659116  0.00000494974667246  0.00000508871417535  0.00000522966067982
  0.00000537255152850  0.00000551445957772  0.00000565758127731  0.00000580563990291
  0.00000595659095841  0.00000610801051179  0.00000626306691853  0.00000642501676970
  0.00000657910040704  0.00000671180513945  0.00000686352464825  0.00000701461410841
  0.00000716066788946  0.00000730011993752  0.00000743875051098  0.00000758458395318
  0.00000773637777433  0.00000789199181033  0.00000805056194695  0.00000820489509687
  0.00000835412651280  0.00000850528822702  0.00000865881703532  0.00000881307402253
  0.00000896515864751  0.00000911422354698  0.00000926443296708  0.00000942116919410
  0.00000958680126299  0.00000975433257793  0.00000992329768003  0.00001009337907007
  0.00001026696972756  0.00001044504530074  0.00001062594676206  0.00001081729063167
  0.00001102323521329  0.00001123906871625  0.00001146404513666  0.00001170428316759
  0.00001194996261640  0.00001218881475031  0.00001242336554589  0.00001265490510821
  0.00001289509305352  0.00001314244525503  0.00001338935809064  0.00001361957469982
  0.00001385229751001  0.00001410018250001  0.00001433173944349  0.00001455492634641
  0.00001477814253160  0.00001499692349194  0.00001523614747589  0.00001552967523528
  0.00001585781806584  0.00001611519287445  0.00001630420245040  1.00000000000000000
  0.02489458168903132  0.02960938018787199  0.03577454808333429  0.04193385799606573
  0.04867278758293990  0.05601281534180027  0.06350317159945967  0.07104030666845203
  0.07826419350884259  0.08534248759082161  0.09245192459537598  0.10072332667167629
  0.10856442383444796  0.11624388269663702  0.12442528449470255  0.13320998824891941
  0.14151317150580439  0.14982641061390956  0.15802820309363896  0.16674040826424807
  0.17628770139138419  0.18611037535230535  0.19536346760498821  0.20443596300376823
  0.21390174876962975  0.22369138684384873  0.23336419584410001  0.24304666514207526
  0.25279010013535375  0.26305929956202906  0.27322454886582420  0.28320645616291312
  0.29268165476762670  0.30184221401862327  0.31115246386632445  0.32065390489779899
  0.32998270641660332  0.33921353847550084  0.34888404745600288  0.35918238689044096
  0.36981241517966584  0.38052987985118292  0.39111997431884016  0.40137414903993390
  0.41132131326755622  0.42098322034626134  0.43085550825298163  0.44093702416359470
  0.45147458099362830  0.46221621606650193  0.47284841413153850  0.48308133019512783
  0.49259116972093486  0.50203033755518123  0.51152930933961804  0.52115656625127471
  0.53055066326120903  0.53949195361850244  0.54898468151940016  0.55977282180240195
  0.57054778053460631  0.58052431469957633  0.59068493278081358  0.60132696701915977
  0.61219938043915512  0.62283387945763791  0.63259155156611002  0.64257985642508320
  0.65307590518305181  0.66381137354721231  0.67403884296228100  0.68388027940783025
  0.69331012719598151  0.70252959001369109  0.71258869266528113  0.72415158241055355
  0.73593231154396710  0.74804701211726043  0.76084423867068129  0.77335512673774454
  0.78526540122986033  0.79662539851461855  0.80722074711916469  0.81789383049236608
  0.82962852435744039  0.84225900542255860  0.85534099185868395  0.86880937988363516
  0.88255928359661717  0.89641518124643516  0.91052980191352595  0.92550605052122425
  0.94139095583356480  0.96002098838095207  0.97272331217317942  1.00000000000000000
  0.00849087231797537  0.01885106354239071  0.02996879894733007  0.04021866508451450
  0.05019702340508723  0.05996258742581936  0.06969364830542393  0.07904083592700366
  0.08950788683973311  0.09998133956226123  0.10978802209307725  0.11926172920115191
  0.12910928968533089  0.13836042896252093  0.14882941823875570  0.16114738134854953
  0.17325447898613699  0.18519514719256586  0.19605660961442259  0.20684848290170546
  0.21671737108338768  0.22721882406910632  0.23763872408238010  0.24755720895594505
  0.25695986248675079  0.26685705434603735  0.27763710650575063  0.28771305703885830
  0.29688242262321629  0.30599344192844941  0.31565145465655198  0.32645754591208903
  0.33727279206654404  0.34751170543821791  0.35784715453743404  0.36853900895648217
  0.38007043205765628  0.39164827655205642  0.40278215721180094  0.41364507845324372
  0.42428876491904227  0.43532411132751164  0.44640268508460440  0.45775259560113440
  0.46890187621194340  0.47968372776835427  0.48963214979420411  0.49941775256074727
  0.51021929133563360  0.52111835352341140  0.53259328645117765  0.54431855007803198
  0.55647707520352641  0.56734210258423001  0.57768494399458448  0.58822311181666209
  0.59851173466980467  0.60861180764676848  0.61844895865758409  0.62897735572091151
  0.63959373640868844  0.65080616207353048  0.66240497525064468  0.67370736283042543
  0.68460139997058289  0.69513661598683352  0.70527030806563773  0.71514616103107165
  0.72512383404226521  0.73563355568959288  0.74652094518597145  0.75736812909989382
  0.76804616880256249  0.77865131743086768  0.78935707923622578  0.80010282192454851
  0.81066550019932393  0.82162489126941562  0.83311121126513998  0.84496614923295899
  0.85593036493080144  0.86636712136860761  0.87692663470445387  0.88692845321734515
  0.89660308885681028  0.90603485061043321  0.91553907658860456  0.92554925678246625
  0.93552859098717134  0.94521953469578479  0.95469679642806105  0.96366115372456029
  0.97254191950797142  0.98342512109351332  0.99087290802141359  1.00000000000000000
 -0.00000001185746258  0.00000008251427988  0.00000020343837964  0.00000033403328421
  0.00000046718961126  0.00000060476076935  0.00000075206936876  0.00000091327298191
  0.00000107439193895  0.00000122570323042  0.00000137876159936  0.00000153339602121
  0.00000168871634862  0.00000184666381856  0.00000200698187926  0.00000216064858492
  0.00000230883879732  0.00000245996235189  0.00000261076842138  0.00000275347183767
  0.00000289581263619  0.00000304125561893  0.00000319245064028  0.00000335422696859
  0.00000351332051023  0.00000366525899654  0.00000380598565941  0.00000394635844597
  0.00000408030523597  0.00000422245049459  0.00000436706058490  0.00000451408169848
  0.00000465597721006  0.00000480060725065  0.00000494689262994  0.00000509690567169
  0.00000524217284314  0.00000538138905612  0.00000551752233092  0.00000565517771725
  0.00000579491511945  0.00000593546146257  0.00000607673785618  0.00000621967181878
  0.00000636658032983  0.00000651474068974  0.00000666067962921  0.00000679851421101
  0.00000693328630269  0.00000707246491584  0.00000721051398278  0.00000734552484841
  0.00000747826176230  0.00000761340184453  0.00000774985559485  0.00000788774871130
  0.00000802318537409  0.00000815867486643  0.00000829544222345  0.00000843980012918
  0.00000859073829121  0.00000874585317243  0.00000890427171424  0.00000906612757690
  0.00000923143094851  0.00000939512556941  0.00000955373019110  0.00000970884271159
  0.00000986589287631  0.00001002561276857  0.00001018575279047  0.00001034705345123
  0.00001051047233632  0.00001067741144540  0.00001086071400586  0.00001106212203610
  0.00001126533548648  0.00001147428180622  0.00001170571113929  0.00001196722384230
  0.00001225050937182  0.00001253794155158  0.00001281264329093  0.00001307113639981
  0.00001333797245147  0.00001358834493185  0.00001384089628763  0.00001410361796009
  0.00001436442569081  0.00001462852930888  0.00001490124018502  0.00001518154042036
  0.00001547344493264  0.00001577873239683  0.00001616526870871  1.00000000000000000
  0.02499661628735160  0.02926957834277248  0.03515552640207394  0.04167137968925466
  0.04793086590242000  0.05429669211439347  0.06098129998384018  0.06761698324430586
  0.07473671565335956  0.08264041298493081  0.09176890147916750  0.10108416363518061
  0.10981193624595240  0.11769684806013284  0.12569001624914916  0.13404032265305177
  0.14235311185574140  0.15084035064960716  0.15937645661895217  0.16744777255850241
  0.17591805994195189  0.18438477784098536  0.19323724356785307  0.20241187654268850
  0.21189013800112641  0.22101122361348086  0.23009351523645655  0.23925559037188551
  0.24868405484307962  0.25875250283732260  0.26883771723493971  0.27797577928451089
  0.28709366355797866  0.29628898645537116  0.30445870251936896  0.31324886040638988
  0.32193562262258113  0.33055740641605946  0.33950521247554999  0.34900536966767737
  0.35906337305205116  0.36932354413310570  0.37943714941029155  0.38959112716968575
  0.40002919380628499  0.41073486185252822  0.42166227458409755  0.43266093591573368
  0.44340461651991020  0.45394659630601042  0.46445111960131102  0.47466396866928207
  0.48443479751942403  0.49402121522431752  0.50387584940122976  0.51432759998951194
  0.52483720270866885  0.53424461360464581  0.54366889889768877  0.55315158735206971
  0.56264591709864720  0.57259648192062762  0.58356486631699067  0.59529747332440586
  0.60769347882955027  0.62000548662549326  0.63103168551327582  0.64196384996258304
  0.65363175831519726  0.66498227645780783  0.67558727259702167  0.68604844520641883
  0.69710076854412328  0.70869053396327653  0.72051031285040157  0.73216858529612627
  0.74351296784506182  0.75484625524303217  0.76599768725176698  0.77697929243844910
  0.78830220543062868  0.79958302885323351  0.81091374362738433  0.82220901225126231
  0.83386199266870975  0.84553242874319856  0.85855562309332589  0.87216393514085899
  0.88595803656225336  0.89959189450025756  0.91355178226854961  0.92828833033198666
  0.94347316975234474  0.95992763699209915  0.97205878064599238  1.00000000000000000
  0.00885960076037052  0.01790987456034111  0.02883823143294138  0.03992954399940533
  0.05007024806220671  0.05995696526791761  0.07005890901373323  0.08055240178920881
  0.09114017146471795  0.10163643461369574  0.11191617695120055  0.12271498224080937
  0.13311806702183476  0.14330465870402265  0.15389963633368747  0.16359094804188978
  0.17381149703257984  0.18355153579702674  0.19395276933113456  0.20459511323989979
  0.21553749453615226  0.22574556085358835  0.23658106679794622  0.24738818637674276
  0.25850265850464343  0.26931479654984186  0.28012317717345386  0.29074990287541996
  0.30114759119609136  0.31125215758514796  0.32123056261197031  0.33147810332859501
  0.34212560358694072  0.35314144464319408  0.36472930863755482  0.37645934104384388
  0.38770055501078260  0.39838456962120233  0.40908674399129158  0.41979915889687536
  0.43050960417675316  0.44131449235677772  0.45231864035230529  0.46331948864033423
  0.47416141695244962  0.48495349737649091  0.49587405656477385  0.50705478621991029
  0.51835782770382821  0.52965972465553635  0.54069452616188762  0.55142942053328425
  0.56153855274210873  0.57151287392745176  0.58139921930887761  0.59094227745187666
  0.60068951430577366  0.61055839516800336  0.62008704871827947  0.62939437135695930
  0.63856387669495440  0.64801471734473992  0.65835284234055291  0.66917196024326941
  0.67950789685488222  0.68991973146718666  0.70000670729858638  0.70939340883716406
  0.71889557916094238  0.72929290536803260  0.74037652362273354  0.75149400609872763
  0.76228019121021495  0.77255556695376892  0.78247825521264258  0.79220996936456900
  0.80179823032674402  0.81147099743861983  0.82166519206414967  0.83224071690086898
  0.84259942418613532  0.85269412710759929  0.86324031571909010  0.87426927431861878
  0.88523644402922530  0.89573973163589371  0.90596063215525613  0.91630112197458591
  0.92642341322933563  0.93670210947464272  0.94627675686187196  0.95546469645939136
  0.96505280953332273  0.97341640227710391  0.98644008780611203  1.00000000000000000
 -0.00235321036257985  0.00912878376565968  0.01965831768120322  0.03027666482865591
  0.04084578594635998  0.05130236492561219  0.06186516097139740  0.07250837317552454
  0.08353378273039250  0.09538415192297067  0.10742741695253918  0.11946514969443735
  0.13138020994940128  0.14296924986439516  0.15420676626472243  0.16513282287200459
  0.17632972076785092  0.18767438650806875  0.19846100917356974  0.20848794712279159
  0.21821755513731561  0.22813682613611250  0.23819318571106901  0.24838839217258973
  0.25884626672419658  0.26923412996533302  0.27964705010799140  0.29028256822499976
  0.30124166817411052  0.31213092556667849  0.32235573167242149  0.33214566804748619
  0.34197600154930430  0.35206393280217851  0.36300626676404441  0.37445130188180042
  0.38610793506522556  0.39845466996251500  0.41131776911735113  0.42414330223213392
  0.43599063589414949  0.44619782698179689  0.45546247243835492  0.46497857410891813
  0.47478918471741705  0.48437525104962020  0.49377481457767392  0.50351199670062263
  0.51410403576259556  0.52486230667681744  0.53548858788493925  0.54623946216140773
  0.55721508530275332  0.56873593892056984  0.58067759924833340  0.59236617782137657
  0.60343925566575851  0.61371701823613478  0.62317055276298194  0.63242160593874741
  0.64206007716690028  0.65212296609477893  0.66300559194883457  0.67456955011330477
  0.68584936137825470  0.69624037329975985  0.70633852674125319  0.71657625534174285
  0.72694160827520260  0.73711844261410575  0.74717371866330018  0.75753561518106938
  0.76833668829711421  0.77916778716213264  0.78925181397217758  0.79830108123953503
  0.80740260400721697  0.81768293180563678  0.82807644209869891  0.83841891785725209
  0.84782726538031672  0.85746834292309770  0.86756457189356562  0.87664757634107360
  0.88511196464394082  0.89399434084668572  0.90397539941012317  0.91436878260012266
  0.92466315450680769  0.93532846848885853  0.94558341378684918  0.95572058145004701
  0.96682714859424446  0.97829830488698799  0.98917923950289033  1.00000000000000000
 -0.00307906106042197  0.01099140268696376  0.02250189641084697  0.03430397143140575
  0.04500885030546613  0.05568051951585210  0.06639870970724888  0.07671327510853707
  0.08771349876622002  0.09800942559044144  0.10750815924852639  0.11708415923550397
  0.12674902880100525  0.13560280891306115  0.14489972825047470  0.15494271790126066
  0.16613679751956942  0.17787855973982342  0.18897721336646181  0.19953233950068966
  0.21003339713075531  0.22058124823048630  0.23153338685448444  0.24326372632107657
  0.25576520115946355  0.26772442416520692  0.27901246384062323  0.29004586634171553
  0.30100677753023070  0.31120059728413729  0.32165106316510966  0.33293968848224686
  0.34367861628617363  0.35387368999223678  0.36343650086079576  0.37302596787826908
  0.38296217126938409  0.39272977206130583  0.40287842723541967  0.41360854179985496
  0.42468860047913115  0.43710262049570336  0.44844912643919871  0.45997302163380221
  0.47084878709085870  0.48128751682628312  0.49157307043088344  0.50214740141990077
  0.51267780842969157  0.52254970684717583  0.53186398236624710  0.54126961684566588
  0.55143273775302037  0.56193412953697108  0.57216514878110281  0.58227156915882994
  0.59261658188374566  0.60318421090772134  0.61372213291971611  0.62411713807030844
  0.63414134784413756  0.64383888471274031  0.65405334082362943  0.66475450406064240
  0.67531211670344948  0.68623087501605118  0.69717576878039855  0.70807859358785596
  0.71894882506701907  0.72945513900314896  0.73990677734578569  0.74950380278396000
  0.75923321732959748  0.76959330229986977  0.78057594175590805  0.79128488038618072
  0.80245684246716353  0.81378405038696855  0.82473070672465876  0.83586295276785871
  0.84652773348132071  0.85689593544690545  0.86716597335910028  0.87713563818016760
  0.88700982559667352  0.89646624182408152  0.90630046640645157  0.91614807693131683
  0.92695352260381969  0.93780599733899983  0.94840366412046917  0.95882821428084275
  0.96911070337204941  0.97821642362210859  0.98865941743283225  1.00000000000000000
 -0.00146377336001635  0.00688024498411285  0.01595515833094293  0.02565394613933017
  0.03663861657493577  0.04725103062549137  0.05725406409617946  0.06711387816693767
  0.07662220993681944  0.08624801361888591  0.09673329566759986  0.10813003121662043
  0.11994836537969253  0.13173010003313818  0.14305673480035000  0.15418096308985965
  0.16533903906639641  0.17589021727508369  0.18656469198967210  0.19686715866953197
  0.20749537869981396  0.21799530709926379  0.22803871744856613  0.23803450012700778
  0.24854270593365715  0.26041880055033489  0.27233147485539050  0.28235305757046325
  0.29222967798067034  0.30166253556590222  0.31161479878546655  0.32162536586580409
  0.33231505618987456  0.34321756723627778  0.35339951395642333  0.36290854269968337
  0.37226991750265642  0.38234502658582681  0.39281430220081276  0.40315227155241906
  0.41306554953504476  0.42234994664071607  0.43100221203477079  0.43972165681628633
  0.44897006317811333  0.45968310793086758  0.47179683867375932  0.48410725782131553
  0.49598901693182890  0.50734091822144567  0.51790106140197589  0.52789267461977141
  0.53782303476758619  0.54801934314964007  0.55879083170934252  0.57022084228675052
  0.58209621179876825  0.59393695757071918  0.60522739850580709  0.61575471228923973
  0.62568800904055533  0.63557955311380787  0.64575630882028323  0.65602858702609534
  0.66599900468333961  0.67592468517010706  0.68598398082927092  0.69634355982064144
  0.70699919948603673  0.71808649250552992  0.72944196339323375  0.74052997111591290
  0.75160698390699732  0.76282134360572085  0.77417010801833319  0.78556263629164469
  0.79626681201000182  0.80616538303255481  0.81613965530792243  0.82684536588154267
  0.83754306531078004  0.84840589219975515  0.86012818071042862  0.87208744342287947
  0.88315218455143762  0.89404294746057844  0.90470795482358790  0.91440932498978933
  0.92380556303925176  0.93335474380462224  0.94363807048627324  0.95479280967999602
  0.96654925555280558  0.97836327276662194  0.98912123735526991  1.00000000000000000
 -0.00173481897791822  0.00766763801345967  0.01684341865138072  0.02649025765322901
  0.03726809466781832  0.04770289431411358  0.05756271009802742  0.06823519386259996
  0.08002789778038877  0.09014805785624294  0.09935416210906543  0.10883476829119226
  0.11886540834602514  0.12922418310569200  0.13888836810720237  0.14815956298191696
  0.15795377656625256  0.16850117701987213  0.17917754440210920  0.18962730198759944
  0.20003467397483418  0.21068848986273067  0.22196066042929960  0.23375961539360793
  0.24586310678123668  0.25787168920151848  0.26999829767503264  0.28145517324707692
  0.29249211281988513  0.30275265724144462  0.31316257530101088  0.32362634875786389
  0.33521001989433241  0.34625092066656749  0.35731942225459595  0.36750403889565753
  0.38057580774379840  0.39276042712410303  0.40348348734796591  0.41285270682047687
  0.42189677258838504  0.43157189889230413  0.44151391373674359  0.45178402817834795
  0.46245914375301866  0.47347157503230652  0.48458307672736284  0.49551310242585911
  0.50610510719597779  0.51684792065568608  0.52753041168043902  0.53797583481231404
  0.54772941586245116  0.55723916296866638  0.56750876671195061  0.57800763901045149
  0.58900104023905897  0.59938907329944302  0.61006617637216021  0.62081530467412094
  0.63151848752074569  0.64248679034314926  0.65292379927517985  0.66300415411134761
  0.67314913712458080  0.68312934500802880  0.69267651753656778  0.70196780711871976
  0.71189687383581435  0.72231506198250639  0.73227768339439769  0.74278089387132307
  0.75267979701777554  0.76469612483494542  0.77649208285190030  0.78819696215209456
  0.79852830691724119  0.80817258733299824  0.81751921793040738  0.82727554467153130
  0.83753727348719309  0.84800193597354767  0.85875892774169915  0.86945606552334198
  0.87975072048764957  0.89066738051805960  0.90136301717830081  0.91178867265450037
  0.92282528491301552  0.93373851170980926  0.94515282312800253  0.95619820738155281
  0.96753578085234082  0.97865100322793741  0.98970956561706336  1.00000000000000000
 -0.00186487484184145  0.00782986297163101  0.01748164186588606  0.02747099202924959
  0.03719895137445760  0.04671442479466052  0.05696762676987625  0.06782345115959519
  0.07925444290936287  0.09020246507236249  0.10123371300895871  0.11228328934629567
  0.12367295349948182  0.13574998033194724  0.14710446936315186  0.15754996559701417
  0.16867193369017644  0.17948635156198292  0.18976511948137981  0.19995219224746946
  0.21054569424109854  0.22157087502530770  0.23230220805499274  0.24226343099305164
  0.25206541482934702  0.26213461008981914  0.27190334959517432  0.28193643044130096
  0.29186196878028164  0.30204260140810973  0.31274838336824218  0.32375045290697280
  0.33389035288984398  0.34387379019766040  0.35413554012556608  0.36501640598701707
  0.37561557612783847  0.38593458369634132  0.39625407104664162  0.40684272358421258
  0.41731492245243240  0.42739026704415434  0.43724509673806283  0.44746154421290801
  0.45770105125627758  0.46656478822733916  0.47578005311986493  0.48602121710443658
  0.49714396885599538  0.50807316478740439  0.51855794288350654  0.52871105970565024
  0.53943172077316159  0.54994173863708462  0.56095009364701642  0.57242367159622343
  0.58416898809262197  0.59570072107244043  0.60701076241930418  0.61858788179724256
  0.63074961422042364  0.64282837920997915  0.65376089224498402  0.66380777073340658
  0.67323995373590351  0.68211022773800345  0.69100163762664435  0.70027933457108504
  0.70971025190749815  0.72039719673011704  0.73159746956204608  0.74265664895086581
  0.75398058809433155  0.76626151336100179  0.77901103837749197  0.79075986944609189
  0.80117967952156621  0.81096100206186628  0.82082663177814119  0.83045979374138257
  0.84018939041157059  0.84980878727018816  0.86022660867858580  0.87138494743164951
  0.88280721306473553  0.89450304438111794  0.90560827996211590  0.91593430975701684
  0.92548656479127145  0.93535628056814235  0.94578275714647497  0.95630341462795354
  0.96773402788500984  0.97735699193662928  0.98895809836969673  1.00000000000000000
 -0.00282330061256964  0.00962071127002930  0.02129756779353892  0.03234884442040011
  0.04333836310108441  0.05432503905546562  0.06525079122287369  0.07605445342927476
  0.08667140004223740  0.09684276104227217  0.10677649400179032  0.11663466768405863
  0.12645793585471787  0.13649011154871032  0.14681655922544060  0.15760526400847999
  0.16821082670452919  0.17869573291386448  0.18915277977638525  0.20002615100942842
  0.21102130995161328  0.22119687497765747  0.23164964427863530  0.24209612754577220
  0.25245728611192936  0.26289220440493644  0.27305283739086283  0.28351094357032375
  0.29440372209325211  0.30561043774823504  0.31725657874011198  0.32918715993403208
  0.34047488739153792  0.35205982819936082  0.36416016245402544  0.37639598983266898
  0.38868142089554786  0.40101550671822001  0.41327005001585732  0.42514295651950840
  0.43666628038061678  0.44789736844514727  0.45862312656198562  0.46948062636520332
  0.48021801396500025  0.49096664543343738  0.50172436056327463  0.51354359074141176
  0.52397598384749267  0.53324409239016002  0.54298368000609909  0.55335336251554079
  0.56395490190669673  0.57370881299075538  0.58345214478006013  0.59311395762398866
  0.60255347154741645  0.61201015006580006  0.62125180687028558  0.63043523884185282
  0.63987317164266233  0.64990524370557301  0.66066651591823644  0.67173712910656191
  0.68216608580658955  0.69186782268953961  0.70112297495035458  0.71055084689540826
  0.72072161606636220  0.73092644594022294  0.74127462100814467  0.75152695061424679
  0.76151112848998570  0.77137107714817965  0.78115145433848299  0.79215215608992373
  0.80348501159919861  0.81413996555983603  0.82446074034772376  0.83507756920773746
  0.84641721475316667  0.85807798034020977  0.86914515444851959  0.87924964876437295
  0.88867945293652628  0.89747902454687489  0.90614113666824314  0.91502873362998460
  0.92541430409644010  0.93484086782247233  0.94493551985610602  0.95567263609564634
  0.96690881990193822  0.97876365000191912  0.98995802629053931  1.00000000000000000
 -0.00202944465754280  0.00826232020803162  0.01747270486548349  0.02763461996456887
  0.03831664589824086  0.04993582609934229  0.06175848325908259  0.07314787396401103
  0.08454870782199872  0.09512590217643539  0.10578044408861578  0.11619271414789624
  0.12668213706333134  0.13765712052039980  0.14924533192189460  0.16114040701804352
  0.17276128283883871  0.18388241697348887  0.19474806964294905  0.20545058281879647
  0.21618072351084464  0.22730691876464479  0.23873181115095191  0.25037558954652339
  0.26229219880878457  0.27432394953650385  0.28622004999461587  0.29781179771830524
  0.30878865429684055  0.31895706553932329  0.32884667481838237  0.33897637673332121
  0.34946485088648960  0.36002384971422224  0.37067811614965585  0.38157277653101307
  0.39277401998067291  0.40439452055428016  0.41624572220957706  0.42789637188142560
  0.43927504128111772  0.45007290324126725  0.46057967294871843  0.47118346813723100
  0.48138467772887694  0.49139675197015192  0.50162301454453828  0.51247947554874018
  0.52319520296984778  0.53286765036951189  0.54176576312588842  0.55113382591804183
  0.56110103270941780  0.57099802732536586  0.58098475679616746  0.59101988029813624
  0.60090203817131937  0.61112882797635260  0.62120065792298318  0.63159987235729254
  0.64266020710579308  0.65354421540888163  0.66411982178052609  0.67431724495163692
  0.68475567976446039  0.69576462029697284  0.70652732010485875  0.71614187227725146
  0.72527586105241371  0.73522830544915019  0.74528999262153006  0.75507639932895121
  0.76485883920463638  0.77484005338795681  0.78521986300436397  0.79515801255191332
  0.80483939617717914  0.81435026892925344  0.82383483884129804  0.83304525763598092
  0.84406907712424339  0.85460504497611822  0.86612524597016072  0.87825243003693787
  0.88890792724102707  0.89836630693953501  0.90804046888623136  0.91728321854177119
  0.92690769573670828  0.93707245611862944  0.94681142876331426  0.95614412623060985
  0.96691422301220875  0.97731125665048779  0.98755976144709823  1.00000000000000000
 -0.00204046491151118  0.00840124143059383  0.01853253045182166  0.02814320478091883
  0.03911342981898548  0.05033623901653819  0.06198521987948558  0.07424552158760933
  0.08632944068824075  0.09801003629025734  0.10954423079434926  0.12100095946933406
  0.13261998408204745  0.14356295882910580  0.15425041858837163  0.16527350599207299
  0.17636267222607022  0.18720353367616252  0.19752414694687476  0.20801597477195136
  0.21904415386024007  0.23072004678502678  0.24234317482394244  0.25405190429011726
  0.26564637142300301  0.27700125581755014  0.28812469255370327  0.29914645159769432
  0.30987664372742024  0.32011140414291162  0.33033014422778151  0.34099207477565063
  0.35175232311755084  0.36199742514140854  0.37220852620828992  0.38316569879092577
  0.39451928241421125  0.40566885743545472  0.41664562011712569  0.42785012043335829
  0.43971741791717034  0.45148256828480615  0.46224156734543076  0.47341372821638050
  0.48405835856505397  0.49444302448565031  0.50511763974739265  0.51570235831997779
  0.52656325444299945  0.53767865998673758  0.54906893171861260  0.56006594935329956
  0.57033667823880563  0.57970927323950283  0.58885834576888352  0.59736572301741597
  0.60592455099522979  0.61507423644640147  0.62443766137179335  0.63392608279988072
  0.64344309654001031  0.65292922803739140  0.66260640478723010  0.67240292444282779
  0.68226192067555547  0.69218282925115671  0.70233497993331295  0.71180637933932778
  0.72103382826766538  0.73097727143915470  0.74130757897472832  0.75092249870966576
  0.76035638625043023  0.76936111790706962  0.77961812537667097  0.78964201827568992
  0.79998871577074737  0.81018394208104527  0.82010681267588759  0.82990871650116449
  0.84019482113577781  0.85138763472237466  0.86229503490495918  0.87244384893793425
  0.88213764235517111  0.89165814390563947  0.90130571047204855  0.91121924977956337
  0.92218251622031600  0.93266660466099827  0.94273905651346757  0.95343818252721546
  0.96470817084820082  0.97698278774342262  0.98879371459803023  1.00000000000000000
 -0.00244859836774382  0.00899572200816088  0.01970472923760323  0.03151153118071220
  0.04278007773988581  0.05293785280275946  0.06279186769053849  0.07299095121390933
  0.08292876290397377  0.09231173756790517  0.10152325661375800  0.11021980321121429
  0.12163545014778063  0.13246075106230237  0.14382746003594737  0.15544121716498616
  0.16675198406287231  0.17849623595597383  0.19025122564228406  0.20169561654185431
  0.21300490225369809  0.22401498657449700  0.23473138222203371  0.24568318730457392
  0.25654020715188464  0.26707362481861363  0.27804537582947964  0.28798484778350053
  0.29718209575564952  0.30624326180961442  0.31620528249025226  0.32693600574471821
  0.33752573790423857  0.34751953260157759  0.35813801133683520  0.36932823192877773
  0.38080266805203056  0.39220591254244586  0.40301493505241154  0.41334823812859256
  0.42304648347896762  0.43211181010248539  0.44187147515254560  0.45200010538654223
  0.46220203989640712  0.47267262928605469  0.48359434432167125  0.49483706427759577
  0.50548865491141259  0.51585044620782472  0.52558450413726965  0.53569114645974314
  0.54597540495887842  0.55698409536096416  0.56819179752450721  0.57956085709848248
  0.59007146607402461  0.60067245694401017  0.61102615714523911  0.62175771375844813
  0.63249766065300528  0.64328825236988507  0.65442696241079557  0.66606569683502337
  0.67725491221165413  0.68725361424941156  0.69613179949346182  0.70524170388903684
  0.71529872671256478  0.72561768273724148  0.73554886056565005  0.74631359119731366
  0.75713616477526857  0.76880178078171835  0.77973562616072034  0.79084927700446839
  0.80153504077793769  0.81151198243448242  0.82153424092682192  0.83104897379166887
  0.84094967781293517  0.85123075265654580  0.86188501315213772  0.87195661670893965
  0.88306863337089414  0.89424178744035676  0.90501606259002798  0.91506975187031614
  0.92492917539951824  0.93462200040779508  0.94486708327678137  0.95456743563865709
  0.96491671606367602  0.97603391353978664  0.98813743164964818  1.00000000000000000
 -0.00198248918999233  0.00796554683804275  0.01828149001183510  0.02897766118360772
  0.03993361282299986  0.05068556576464986  0.06096443497638806  0.07175862590837848
  0.08327935439782411  0.09526813962506521  0.10733140585228367  0.11895416320387600
  0.12969830078801314  0.14005327562088582  0.15016723896284362  0.15983996994974120
  0.16912493651593230  0.17857416112794716  0.18899091683667704  0.20062828804529592
  0.21221593473201494  0.22281688675987657  0.23301687376258243  0.24366592494508854
  0.25368452101106737  0.26283092961709642  0.27266910106942233  0.28246850531706486
  0.29275766593671249  0.30246958855418998  0.31201119205741751  0.32244193606718891
  0.33340061674979771  0.34433715602304338  0.35464370151311886  0.36457580816084501
  0.37445192632652319  0.38386725155157148  0.39410815670005106  0.40513552862201846
  0.41560265514563055  0.42571827259583117  0.43559446024148568  0.44572443482432178
  0.45591510260816304  0.46605952245153104  0.47665332188548160  0.48770969341541454
  0.49884906001834572  0.50958148615656551  0.52040139273077268  0.53096182580784712
  0.54113503722283718  0.55069824953977176  0.56066876671324994  0.57122510747086142
  0.58224347331002013  0.59291523385311096  0.60269193276250987  0.61214408017651623
  0.62138029111210469  0.63130410457196562  0.64173852323554670  0.65243927853564554
  0.66310240002311638  0.67374289028452761  0.68440945346604498  0.69523563955889500
  0.70628461145922505  0.71762905968350066  0.72917981663562170  0.74023129391794062
  0.75069421564810568  0.76089909036052994  0.77122975045750819  0.78186526030604675
  0.79257323370485289  0.80323142282039317  0.81369917429110661  0.82401200225023719
  0.83463052996145137  0.84603470130222391  0.85783626374134592  0.86947404079956980
  0.88076056606977593  0.89216298030159924  0.90367963618046465  0.91571722444426507
  0.92777688748453957  0.93851107147590673  0.94801314664074421  0.95776651111503586
  0.96741666026484507  0.97752121875800102  0.98867847592551239  1.00000000000000000
 -0.00212130217356044  0.00811632317391215  0.01965698361387140  0.03121331883452039
  0.04223680271376885  0.05382621928423119  0.06574947780981256  0.07612540594434823
  0.08577714714323521  0.09524961678649825  0.10522590109162214  0.11638677951002792
  0.12813267639375170  0.13968335171139690  0.15099597088668656  0.16205201234280869
  0.17289420819717619  0.18340534140572914  0.19413169162159072  0.20490322985427040
  0.21555466015337954  0.22640837696221947  0.23731289327430524  0.24776800917870700
  0.25798223106182955  0.26857958443182572  0.27950886942211517  0.29053170246375409
  0.30091936733535718  0.31102896080801629  0.32155130666988357  0.33220278020687344
  0.34219142210794667  0.35212796081258735  0.36217828876147379  0.37241651942476878
  0.38292919268328784  0.39339625160122155  0.40347486326798099  0.41359932002114597
  0.42400452117807147  0.43434604294728207  0.44423678077107581  0.45433124754096837
  0.46440114996841753  0.47403827133606413  0.48338505520650615  0.49266224928811631
  0.50231414695657339  0.51202835389315715  0.52188674820841974  0.53215595485497846
  0.54268540379486918  0.55338062302760305  0.56434159717448007  0.57553534655802696
  0.58688200337541130  0.59836856515050951  0.60986157999110813  0.62100408117626626
  0.63160761293467760  0.64195860485779910  0.65232380651954247  0.66269893909785837
  0.67343418200160865  0.68413939328011086  0.69423018558872529  0.70387570054557491
  0.71363803122778580  0.72380173717779650  0.73399399885139827  0.74409036015582863
  0.75470434137426701  0.76620755434071919  0.77830354261001033  0.79030150178607406
  0.80172079051663636  0.81225278434727965  0.82245169064019918  0.83259036387327534
  0.84299983966154868  0.85371963774299198  0.86447167101474809  0.87608876308155981
  0.88770734749608560  0.89872808673596305  0.90911736780715802  0.91920155531641268
  0.92861533810153374  0.93872988099609134  0.94939862584037449  0.96008278781044953
  0.97022878203256990  0.97906291635289311  0.98976989402484106  1.00000000000000000
 -0.00247048179577417  0.00968460883435246  0.02034044723199136  0.03188135084437640
  0.04184767725583351  0.05120537847505290  0.06118053398354332  0.07020137282907270
  0.07991444785723956  0.08965989296599632  0.09951644281581964  0.10945870224052738
  0.11910043744115426  0.12883816186486058  0.13932124811561966  0.15007596690287262
  0.16043402631565551  0.17047240387875626  0.18018370075560586  0.18970872936340452
  0.19914853431025564  0.20889691895648346  0.21885138735560761  0.22873465720874969
  0.23841375232065465  0.24820359093895933  0.25890375820363931  0.27012101477949585
  0.28126128145603790  0.29230861268254127  0.30327557393186738  0.31377814525060849
  0.32360131839950862  0.33389067229426878  0.34467905708162139  0.35510026416762863
  0.36560806302594351  0.37673125673191377  0.38823802029502169  0.39961585293168744
  0.41062187782753079  0.42136283272474523  0.43221787489304170  0.44330730798312401
  0.45451217836645852  0.46551299407965602  0.47654325025048816  0.48789299589427526
  0.49863032421113412  0.50883667314661551  0.51911972611913482  0.52957702257706241
  0.53988726700532197  0.54988359085890093  0.56062301121657054  0.57148372138496129
  0.58189283723751561  0.59166650267137544  0.60123169051174663  0.61094604669776720
  0.62084981833266850  0.63077086505874946  0.64031071280027951  0.64910332077123234
  0.65781632685991809  0.66719175712527723  0.67780948171379440  0.68904259843228277
  0.69973992990845846  0.71028704094178707  0.72136329024028834  0.73292501535418508
  0.74480909288437946  0.75660100547355880  0.76817345028246720  0.77880473878036094
  0.78920189382757910  0.79915370911531225  0.80974705126722546  0.82111936507982253
  0.83271978118086054  0.84429811943936584  0.85593298896321968  0.86724690934874682
  0.87830002034577181  0.88894365450796664  0.89947502455769657  0.91000338672909198
  0.92083596252641775  0.93184985622453764  0.94300633409492141  0.95423833842077055
  0.96545665168528172  0.97670828937387155  0.98839494256124305  1.00000000000000000
 -0.00242646403825976  0.00910586785627815  0.01992794612000904  0.03012643379406126
  0.04006767558690934  0.05013727476432127  0.06062712381839631  0.07170696924972743
  0.08225325239351457  0.09158994353996555  0.10024743066970530  0.11003925208667061
  0.11964791815255588  0.12930010788805679  0.13871655601292587  0.14858157413202486
  0.15933669364960359  0.17021868183464253  0.18067163977053283  0.19098772636650882
  0.20120504026555452  0.21094629201501694  0.22046553509532757  0.23054686081623788
  0.24158967645692450  0.25313700410143186  0.26432696000095607  0.27499489735244598
  0.28558046581837504  0.29640718379484576  0.30739477297585982  0.31860928870152883
  0.32996370278642911  0.34088020708864381  0.35102561604802063  0.36075656311768250
  0.37085352510203229  0.38150380745152329  0.39297987247383559  0.40469055358573136
  0.41599219864561526  0.42688964002003416  0.43734186486664672  0.44765744041862920
  0.45786275816653860  0.46831919497770530  0.47880653780640736  0.48857191460311949
  0.49774990609463543  0.50710943794274166  0.51662773365015724  0.52644895487790333
  0.53682514838679485  0.54776101174138581  0.55910020835319096  0.57038675943843753
  0.58112662273448512  0.59141759973333707  0.60165661363244816  0.61192376942277782
  0.62260758606674493  0.63394669654237190  0.64508416844319849  0.65563805842648781
  0.66619625721537512  0.67700461450650995  0.68758799041079399  0.69802386353862345
  0.70856226238869202  0.71934140096034593  0.73080831619174103  0.74117506246974407
  0.75265995600734914  0.76250219478590930  0.77283195762290247  0.78305663247391843
  0.79315139825234193  0.80463884039119626  0.81604871772891208  0.82685795621768865
  0.83724719749973586  0.84776176762347955  0.85863703082502285  0.87001272144803532
  0.88136635723558931  0.89262327733614311  0.90337347730515494  0.91396610630383834
  0.92476988205853261  0.93550861732676183  0.94605067260524611  0.95697972206598225
  0.96789302230556351  0.97845331155119009  0.98957275894076790  1.00000000000000000
 -0.00240160865569426  0.00931689979056769  0.02004718624109247  0.03056677447130966
  0.04172263320401219  0.05232011439030591  0.06260280492998094  0.07290585748017379
  0.08404262305238744  0.09575426812850903  0.10746718882953599  0.11926851891669103
  0.13132206697290474  0.14280344150699401  0.15361628699773941  0.16437382819556207
  0.17540231283492233  0.18653607372080833  0.19744971135320227  0.20811361316634466
  0.21879532682427216  0.22993024893844630  0.24124108445740905  0.25236318515176004
  0.26335851055843928  0.27422726221361188  0.28528735868123262  0.29652534251307738
  0.30714565811383981  0.31748201803288423  0.32838667531257815  0.33944892100631885
  0.35009888004365508  0.36061293213654155  0.37115354950277712  0.38128641257387424
  0.39118001061135665  0.40086944651206691  0.41035345341191992  0.41963031808438478
  0.42965418779214204  0.44021007362800912  0.45035805608091700  0.46018543730847883
  0.47008297366248275  0.48026464447742767  0.49077643277576821  0.50147776326928362
  0.51239889098225933  0.52323018501938512  0.53398227192341952  0.54447134932081220
  0.55489778279118296  0.56529798315504221  0.57556494942000080  0.58635268389371198
  0.59782702682509248  0.60935720383968106  0.62068494189061041  0.63193462325127925
  0.64360446523866477  0.65505810885562510  0.66684637269327851  0.67864227292805868
  0.68867294434315252  0.69781008000302680  0.70673242078197240  0.71677724860997283
  0.72738584765555159  0.73735434596191340  0.74709770859112035  0.75691505858094099
  0.76776181199061233  0.77757132226994807  0.78783512951626022  0.79852309165921254
  0.80902618685521921  0.81910749339654310  0.82812236950619933  0.83674041963998302
  0.84579960608287408  0.85586843362548648  0.86575078180273424  0.87497487078507441
  0.88438254345437695  0.89461753964116886  0.90450630414523236  0.91406664086897893
  0.92394673345003742  0.93376759869949189  0.94398114473473382  0.95369067776895244
  0.96400077755542468  0.97640836866069158  0.98820713571716379  1.00000000000000000
  0.00888272559239140  0.01795878652171826  0.02927673084618883  0.04065488697650946
  0.05075883498310310  0.06043167562587459  0.06995829722624247  0.07988840761922876
  0.09049004677287847  0.10112528554617989  0.11147030051890452  0.12233662224053719
  0.13324552671373002  0.14449457969864055  0.15580731307161566  0.16702961443694167
  0.17763939732024608  0.18839976475961359  0.19852420980897720  0.20925507120767728
  0.22023679954692629  0.23149394525223574  0.24228713422814327  0.25324373299192277
  0.26369655081149612  0.27402329573039885  0.28376590971630500  0.29314500870920795
  0.30238645199147179  0.31219551865115758  0.32189759297682358  0.33175825630003047
  0.34230545186655092  0.35322632388329411  0.36400735222683789  0.37469822011044945
  0.38546145729298464  0.39676998891363685  0.40748052281439906  0.41843252574983969
  0.42963934182915758  0.44098271072875073  0.45228091592183023  0.46375898468981158
  0.47502726528984274  0.48574829795578467  0.49630530085447333  0.50694323413442932
  0.51748805590727154  0.52767482790220177  0.53745678778566330  0.54743838783905807
  0.55749519905541411  0.56709750824593408  0.57598132292280180  0.58492989372041393
  0.59412142994168871  0.60401541524470503  0.61466058678126101  0.62592799735022153
  0.63729415912822440  0.64843734699500644  0.65937925087695037  0.66989386900671122
  0.67990093238845217  0.68966689870981657  0.69975296464807668  0.71012836578493077
  0.71989299370794679  0.72976660234650970  0.74010231758568135  0.75087581243421042
  0.76148226348815662  0.77062872614127731  0.78030943846640743  0.79002012369906438
  0.79965527268010217  0.80914060925822162  0.81922686155524516  0.83001160835731258
  0.84106621732321407  0.85187851307792195  0.86280871448735375  0.87341831466500830
  0.88372113537842922  0.89256921283330903  0.90230167815737750  0.91222123348232442
  0.92213484916481048  0.93224476761450248  0.94229485665502943  0.95262808693853473
  0.96341111120979672  0.97472148124717761  0.98663362814054811  1.00000000000000000
 -0.04267075904394890  0.18194793137880597  0.22820894463640051  0.25305855751250156
  0.27172955067048082  0.28569813883882406  0.29733515704765823  0.30828986572462203
  0.31867049583999951  0.32806206453352715  0.33620451880257984  0.34330092792422839
  0.34995887547836940  0.35638612317752943  0.36244053753285960  0.36803399930147995
  0.37338315713299847  0.37864688314612971  0.38383158852642263  0.38880710061547658
  0.39341850591268229  0.39783221252336320  0.40221059615931587  0.40662156416813866
  0.41098484102426519  0.41535209370473319  0.41972890250440126  0.42396988399486613
  0.42817512721836659  0.43235913381813962  0.43641713043932329  0.44024710894175484
  0.44389457919962627  0.44744472319327611  0.45092774951841819  0.45438438894588801
  0.45798571702143320  0.46174446497033433  0.46563876634349038  0.46939109623608372
  0.47336741372971819  0.47699131017543822  0.48064730190509680  0.48427211582080198
  0.48777264533534870  0.49156528453508813  0.49545055493558227  0.49922274176704651
  0.50287407208140433  0.50644457760983497  0.50999827620126936  0.51361506613686581
  0.51728187775337453  0.52087691243539991  0.52430901971388444  0.52773118703446720
  0.53138329701987630  0.53523244826476990  0.53926530963619390  0.54325916347066927
  0.54672871914173238  0.55024268244757057  0.55367051685739344  0.55709646991744921
  0.56068044819203300  0.56430320400947387  0.56802940475763575  0.57187519658368224
  0.57582254955806067  0.57977935660440594  0.58377298200091787  0.58792877756022732
  0.59212467746411335  0.59629681989946670  0.60046960773797131  0.60506758445018360
  0.61056900487664501  0.61621551468987734  0.62187395769292164  0.62785817811048805
  0.63364490742796997  0.63919160852307300  0.64482572920190018  0.65078802370316280
  0.65709147867119722  0.66439429370807845  0.67226037554966589  0.68048861043663178
  0.68987833308744684  0.70064974999183638  0.71332779226018761  0.72811604513052586
  0.74625759493847243  0.77210360015226753  0.81663954261578275  1.00000000000000000
   2.1615711682123730E-009  -1.0000000000000000     
 T F F F F F F F F F F F F F F F F F F F F F F F F F F F F F F F F F F F F F F F F F F F F F F F F F F F F F F F F F F F F F F F F F F F F F F F F F F F F F F F F F F F F F F F F F F F F F F F F F F F F F F F F F F F F F F F F F F F F F F F F F F F F F F F F F F F F F F F F F F F F F F F F F F F F F F F F F F F F F F F F F F F F F F F F F F F F F F F F F F F F F F F F F F F F F F F F F F F F F F F F F F F F F F F F F F F F F F F F F F F F F F F F F F F F F F F F F F F F F F F F F F F F F F F F F F F F F F F F F F F F F F F F F F F F F F F F F F F F F F F F F F F F F F F F F F F F F F F F F F F F F F F F F F F F F F F F F F F F F F F F F F F F F F F F F F F F F F F F F F F F F F F F F F F F F F F F F F F F F F F F F F F F F F F F F F F F F F F F F F F F F F F F F F F F F F F F F F F F F F F F F F F F F F F F F F F F F F F F F F F F F F F F F F F F F F F F F F F F F F F F F F F F F F F F F F F F F F F F F F F F F F F F F F F F F F F F F F F F F F F F F F F F F F F F F F F F F F F F F F F F F F F F F F F F F F F F F F F F F F F F F F F F F F F F F F F F F F F F F F F F F F F F F F F F F F F F F F F F F F F F F F F F F F F F F F F F F F F F F F F F F F F F F F F F F F F F F F F F F F F F F F F F F F F F F F F F F F F F F F F F F F F F F F F F F F F F F F F F F F F F F F F F F F F F F F F F F F F F F F F F F F F F F F F F F F F F F F F F F F F F F F F F F F F F F F F F F F F F F F F F F F F F F F F F F F F F F F F F F F F F F F F F F F F F F F F F F F F F F F F F F F F F F F F F F F F F F F F F F F F F F F F F F F F T F F F F F F F F F F F F F F F F F F F F F F F F F F F F F F F F F F F F F F F F F F F F F F F F F F F F F F F F F F F F F F F F F F F F F F F F F F F F F F F F F F F F F F F F F F F F F F F F F F F F F F F F F F F F F F F F F F F F F F F F F F F F F F F F F F F F F F F F F F F F F F F F F F F F F F F F F F F F F F F F F F F F F F F F F F F F F F F F F F F F F F F F F F F F F F F F F F F F F F F F F F F F F F F F F F F F F F F F F F F F F F F F F F F F F F F F F F F F F F F F F F F F F F F F F F F F F F F F F F F F F F F F F F F F F F F F F F F F F F F F F F F F F F F F F F F F F F F F F F F F F F F F F F F F F F F F F F F F F F F F F F F F F F F F F F F F F F F F F F F F F F F F F F F F F F F F F F F F F F F F F F F F F F F F F F F F F F F F F F F F F F F F F F F F F F F F F F F F F F F F F F F F F F F F F F F F F F F F F F F F F F F F F F F F F F F F F F F F F F F F F F F F F F F F F F F F F F F F F F F F F F F F F F F F F F F F F F F F F F F F F F F F F F F F F F F F F F F F F F F F F F F F F F F F F F F F F F F F F F F F F F F F F F F F F F F F F F F F F F F F F F F F F F F F F F F F F F F F F F F F F F F F F F F F F F F F F F F F F F F F F F F F F F F F F F F F F F F F F F F F F F F F F F F F F F F F F F F F F F F F F F F F F F F F F F F F F F F F F F F F F F F F F F F F F F F F F F F F F F F F F F F F F F F F F F F F F F F F F F F F F F F F F F F F F F F F F F F F F F F F F F F F F F F F F F F F F F F F F F F F F F F F F F F F F F F F F F F F F F F F F F F F F F F F F F F F F F F F F F F F F F F F F F F F F F F F F F F F F F F F F F F F F F F F F F F F F F F F F F F F F F F F F F F F F F F F F F F F F F F F F F F F F F F F F F F F F F F F F F F F F F F F F F F F F F F F F F F F F F F F F F F F F F F F F F F F F F F F F F F F F F F F F F F F F F F F F F F F F F F F F F F F F F F F F F F F F F F F F F F F F F F F F F F F F F F F F F F F F F F F F F F F F F F F F F F F F F F F F F F F F F F F F F F F F F F F F F F F F F F F F F F F F F F F F F F F F F F F F F F F F F F F F F F F F F F F F F F F F F F F F F F F F F F F F F F F F F F F F F F F F F F F F F F F F F F F F F F F F F F F F F F F F F F F F F F F F F F F F F F F F F F F F F F F F F F F F F F F F F F F F F F F F F F F F F F F F F F F F F F F F F F F F F F F F F F F F F F F F F F F F F F F F F F F F F F F F F F F F F F F F F F F F F F F F F F F F F F F F F F F F F F F F F F F F F F F F F F F F F F F F F F F F F F F F F F F F F F F F F F F F F F F F F F F F F F F F F F F F F F F F F F F F F F F F F F F F F F F F F F F F F F F F F F F F F F F F F F F F F F
  <DiscreteSampler_grid>
  grouped_processes
  1 # 1 for a reference and 2 for a running grid.
  10 # Attribute 'min_bin_probing_points' of the grid.
  1 # Attribute 'grid_mode' of the grid. 1=='default',2=='initialization'
  0.0000000000000000 # Attribute 'small_contrib_threshold' of the grid.
  0.5000000000000000 # Attribute 'damping_power' of the grid.
 # binID   n_entries weight   weight_sqr   abs_weight
    37   10   1.296253779792821E+013   5.792468035364974E+026   1.296253779792821E+013
    40   10   1.385389260133667E+012   6.616483098790330E+024   1.385389260133667E+012
    43   10   1.385389260133655E+012   6.616483098790098E+024   1.385389260133655E+012
    46   10   7.403270223830658E+010   1.889429873816078E+022   7.403270223830658E+010
    49   10   3.701635111915483E+010   4.723574684540606E+021   3.701635111915483E+010
    52   10   7.403270223830902E+010   1.889429873816175E+022   7.403270223830902E+010
    55   10   3.956174021572235E+009   5.395532936102613E+019   3.956174021572235E+009
    58   10   3.701635111915476E+010   4.723574684540459E+021   3.701635111915476E+010
    61   10   3.956174021572261E+009   5.395532936102635E+019   3.956174021572261E+009
    64   10   1.057054005578686E+008   3.851925925910602E+016   1.057054005578686E+008
  </DiscreteSampler_grid>
