 -0.00000001484704153  0.00000008928247747  0.00000023077616468  0.00000038191339732
  0.00000050059923781  0.00000060910733195  0.00000074167134791  0.00000088055735411
  0.00000102015347903  0.00000117134778815  0.00000132720063995  0.00000148448331599
  0.00000164831594556  0.00000181823225704  0.00000198465184105  0.00000214525685264
  0.00000229413191577  0.00000243332523780  0.00000257525638126  0.00000273790194080
  0.00000289893563911  0.00000304230302610  0.00000318571980255  0.00000333409251875
  0.00000347666320637  0.00000360992904235  0.00000373934241576  0.00000388718518946
  0.00000403801967971  0.00000418199701984  0.00000431519229553  0.00000444489971110
  0.00000457641767100  0.00000471046846362  0.00000485025802511  0.00000498979533253
  0.00000511433557112  0.00000523522033475  0.00000536493254823  0.00000550537749883
  0.00000565827240682  0.00000580545574143  0.00000595530114188  0.00000609442629816
  0.00000623499902697  0.00000637487356622  0.00000652389876599  0.00000666513678296
  0.00000679967014131  0.00000693002044534  0.00000705824453582  0.00000718166570754
  0.00000730438378281  0.00000743016680725  0.00000756517033008  0.00000771376231262
  0.00000786545362376  0.00000801795078556  0.00000817129611614  0.00000832490704216
  0.00000848416146088  0.00000865238595074  0.00000881857270161  0.00000896656509434
  0.00000910592093036  0.00000925208647306  0.00000940084682807  0.00000953896203986
  0.00000967056926070  0.00000979944210418  0.00000993185062634  0.00001008854545392
  0.00001025965291113  0.00001043004787974  0.00001058158936431  0.00001074922836002
  0.00001092461482116  0.00001110472493709  0.00001126533482399  0.00001149325762061
  0.00001171442443093  0.00001193288393972  0.00001213645982756  0.00001232491665624
  0.00001252143945745  0.00001272804451842  0.00001293243760057  0.00001320386460328
  0.00001348760124214  0.00001381260387038  0.00001413535249492  0.00001443694111030
  0.00001471194450548  0.00001495006834775  0.00001517436868065  1.00000000000000000
  0.02497162438414458  0.02946478726110229  0.03453491818901732  0.04011749133670219
  0.04614868973747466  0.05214692635339370  0.05856783945144809  0.06615394726000706
  0.07384511735910151  0.08061276457427562  0.08704657842640935  0.09369448659164453
  0.10076820890206191  0.10841624697493768  0.11681503226264937  0.12633813981799297
  0.13663911521219307  0.14693503183094173  0.15642610504171092  0.16615596049368536
  0.17522016263009801  0.18466063461964585  0.19470662524677529  0.20520246313166848
  0.21617566193092691  0.22671845447381722  0.23723291203180361  0.24792931086300624
  0.25867659672331361  0.26951759863485059  0.28093959703777294  0.29296456641345237
  0.30421405337952312  0.31456086670473676  0.32464668909130578  0.33378607158667500
  0.34251403791015272  0.35120337545669411  0.35967997042799865  0.36805678135579617
  0.37725969072177706  0.38812806267025624  0.39894807783960495  0.40922320304943666
  0.41965576822333711  0.43014408639429574  0.43969022302394034  0.44835496267676894
  0.45707185259878258  0.46644162153085078  0.47614466901254565  0.48630751136440242
  0.49668030478940933  0.50632905679241647  0.51629388498303741  0.52521294782047823
  0.53266128284227521  0.54097272336353963  0.54921528925779450  0.55797126540397057
  0.56829298714156706  0.58013788848038195  0.59232323672664400  0.60378693066948441
  0.61431134011048816  0.62429075857612926  0.63375379650327313  0.64292885972376257
  0.65181363637457335  0.66113820078175545  0.67206451659086308  0.68360623457822578
  0.69512315635846744  0.70641192538845843  0.71751785346984809  0.72911285857160746
  0.74093108079272607  0.75256404362952611  0.76461192507163400  0.77578255661342799
  0.78563229869076412  0.79545420222531626  0.80557865789142746  0.81674145750488936
  0.82878744773628588  0.84138918157639320  0.85422047488540365  0.86689117938372018
  0.87955332025493860  0.89292040967815778  0.90718339695119066  0.92222858889086878
  0.93850634929178334  0.95681578465573081  0.97370196706508449  1.00000000000000000
  0.00904338940644213  0.01765059931757409  0.02720091278138125  0.03791778564499860
  0.04972044816258011  0.06182085059052567  0.07310875124319018  0.08495807141115148
  0.09580276795461121  0.10746521484906514  0.11975730651253048  0.13199938456587695
  0.14350472490758490  0.15422728270595454  0.16453531519904846  0.17486474989977499
  0.18534229933008567  0.19619450273066680  0.20781795206026474  0.21961533106433589
  0.23066487380178538  0.24096971103081227  0.25167222032029951  0.26349421795646033
  0.27519979129313932  0.28520829348909732  0.29377985670881407  0.30214265603395857
  0.31122055361292861  0.32059887591756098  0.33040523286420020  0.33979778712263442
  0.34760007286625944  0.35429633868753219  0.36198968961733241  0.36991940934643691
  0.37741725267670395  0.38609463502694813  0.39445645779418692  0.40351151415998254
  0.41363634507117453  0.42369128444289172  0.43377002551967225  0.44397433396286684
  0.45364311560207454  0.46311688944153895  0.47314316747179797  0.48358901072783611
  0.49429166159039478  0.50495391021745206  0.51576601498000374  0.52667716366791684
  0.53754661513223700  0.54859675493624704  0.55968870329695508  0.57040232133495417
  0.58123840279142236  0.59251428118630367  0.60331586974196194  0.61324627171683022
  0.62300486746176964  0.63278642959827891  0.64254981148288171  0.65204375120058200
  0.66185177892187785  0.67260162849457350  0.68320578228568429  0.69311458094303302
  0.70315466339625587  0.71384475186775009  0.72493127370167443  0.73623371771517543
  0.74786513507058083  0.75991071703763280  0.77204570995968835  0.78372638141878070
  0.79471001367515648  0.80515551691601339  0.81541753160836339  0.82601608749786481
  0.83707900450654904  0.84796116166705782  0.85889377452721183  0.87002581274366830
  0.88035049663433007  0.89111628056809711  0.90193284155665221  0.91253084533597073
  0.92294670311114302  0.93283744054581463  0.94244033921965342  0.95263371379311235
  0.96363704928483374  0.97487653281624598  0.98693557414749988  1.00000000000000000
 -0.00000005284830670  0.00000030636713491  0.00000075246417514  0.00000119836380689
  0.00000164847280177  0.00000207780351982  0.00000247073496858  0.00000287231998385
  0.00000328706718313  0.00000375305842985  0.00000421782024147  0.00000466501031623
  0.00000510526594182  0.00000548868693355  0.00000587490044848  0.00000630091021924
  0.00000675099169349  0.00000723343056930  0.00000773943055903  0.00000822983508124
  0.00000871520945505  0.00000921359240373  0.00000970636739672  0.00001018177098006
  0.00001063351985725  0.00001106728757078  0.00001147703138558  0.00001188670841002
  0.00001227478198324  0.00001263528005889  0.00001297599525920  0.00001329791323378
  0.00001362065016102  0.00001397917337987  0.00001436101840962  0.00001470492795409
  0.00001500902091858  0.00001532752397083  0.00001565232039722  0.00001596601297760
  0.00001625951700431  0.00001656113522373  0.00001686621701224  0.00001715323033984
  0.00001745510249753  0.00001777141571779  0.00001808151181048  0.00001840327350899
  0.00001873011572326  0.00001905661569293  0.00001939536156366  0.00001974575290182
  0.00002009325662521  0.00002044716371906  0.00002080590623301  0.00002114556218670
  0.00002144775161625  0.00002172018963647  0.00002197705302993  0.00002221987838934
  0.00002243979255703  0.00002265197117885  0.00002285409457208  0.00002310593224827
  0.00002338894220307  0.00002366446338788  0.00002393804566263  0.00002419765830854
  0.00002444821570152  0.00002468853499248  0.00002493241272150  0.00002518885986806
  0.00002545750799897  0.00002572542762154  0.00002598747601739  0.00002623892522440
  0.00002647169164696  0.00002667836369679  0.00002688223948725  0.00002708848217079
  0.00002729343820408  0.00002750266298936  0.00002771410006624  0.00002792586211054
  0.00002813501928821  0.00002835392124344  0.00002867412254993  0.00003055952194900
  0.00003788680400313  0.00004412102907226  0.00004986792635538  0.00005360124295043
  0.00005833702061066  0.00006719832541937  0.00009822255780110  1.00000000000000000
 -0.00000004947869175  0.00000028978978360  0.00000073065190786  0.00000109308085733
  0.00000143529022125  0.00000182616830449  0.00000233505348463  0.00000286478465202
  0.00000336478766603  0.00000384631242968  0.00000431065075376  0.00000477717919785
  0.00000524744208598  0.00000572076124110  0.00000620504812330  0.00000668163198496
  0.00000713117953496  0.00000754051594041  0.00000794170087070  0.00000837714970371
  0.00000883011056807  0.00000930072823228  0.00000978792249741  0.00001026778605860
  0.00001070918376945  0.00001110142092991  0.00001145975583208  0.00001181350684278
  0.00001215868006770  0.00001249243765090  0.00001289584032756  0.00001332095303449
  0.00001372874218006  0.00001412433773851  0.00001450576599842  0.00001487884220758
  0.00001523566455513  0.00001559190039385  0.00001597181061779  0.00001637045740059
  0.00001673309166150  0.00001703794078496  0.00001734394882666  0.00001766704644268
  0.00001797843567471  0.00001829386150361  0.00001863978918295  0.00001897367125537
  0.00001929260672746  0.00001959621356273  0.00001988737820700  0.00002017322636243
  0.00002045655431266  0.00002074667134266  0.00002105857822038  0.00002137632100949
  0.00002168802192077  0.00002200912513695  0.00002233589617941  0.00002264537845080
  0.00002294335699078  0.00002323434575755  0.00002351625641987  0.00002377086438317
  0.00002399986748075  0.00002421444997612  0.00002442639591912  0.00002464607273391
  0.00002486952406926  0.00002509078020380  0.00002530516337120  0.00002551755102685
  0.00002574405285763  0.00002598609253371  0.00002623504537985  0.00002647978346736
  0.00002671438265495  0.00002694813384583  0.00002716737918320  0.00002736192522390
  0.00002755281194623  0.00002774413593896  0.00002793451889790  0.00002812347685250
  0.00002830291018358  0.00002882896636088  0.00003502879635331  0.00004229440549893
  0.00004587031788533  0.00004884713458773  0.00005163618447679  0.00005449930148583
  0.00005797024958239  0.00006853111572643  0.00009638930608133  1.00000000000000000
  0.00828371204234004  0.01931483659340872  0.03061283861977319  0.04159733418593746
  0.05290772927970447  0.06359216740293111  0.07413782050931170  0.08474230830916415
  0.09525179226653299  0.10543083563951455  0.11536124616625668  0.12500963304243082
  0.13440581614236916  0.14424593281205994  0.15469290156383203  0.16559843963184867
  0.17585806336086812  0.18623966039157949  0.19766699755115083  0.20980473275981948
  0.22171415732008645  0.23252772339042860  0.24205921482090689  0.25021722171214422
  0.25765884622536478  0.26554686930081456  0.27386916319222138  0.28096029922383114
  0.28875755763723177  0.29877125163425577  0.31109161866734708  0.32246564634783714
  0.33372009909636752  0.34494860050002235  0.35629725954749386  0.36781016378876641
  0.37982720531818659  0.39161185193768550  0.40229779919580988  0.41213224791267000
  0.42364299794719756  0.43551527887948616  0.44468547233265149  0.45389502320335945
  0.46361852114402452  0.47370888764343655  0.48383390058434650  0.49329692420710147
  0.50307520515666437  0.51345219102847972  0.52329126684545757  0.53283090195231964
  0.54289876416020333  0.55393577977705200  0.56566339608735094  0.57739216743753030
  0.58951206468165029  0.60154901430417762  0.61324054715050980  0.62420970660431352
  0.63450085832407355  0.64476839783283413  0.65571513724953523  0.66579279201260211
  0.67502754988854552  0.68425210681558790  0.69284837144952971  0.70118188406122295
  0.70973693654556291  0.71833049352922651  0.72767634664253122  0.73779229181990624
  0.74849320905541883  0.75949673549546737  0.77059356574134752  0.78178988882194733
  0.79262979001568001  0.80279625520709841  0.81268972668883055  0.82266252330190470
  0.83304398185136441  0.84384597412241902  0.85530247873014353  0.86747059104360791
  0.87956182020118023  0.89174165389401860  0.90410623475667784  0.91585436130765263
  0.92741197677695830  0.93855661388865830  0.94906409664561764  0.95970934381219386
  0.97031515044267247  0.98071101352217993  0.99137996398870265  1.00000000000000000
 -0.00246119415726580  0.00985788616001297  0.01956702558835328  0.02868957194752118
  0.03836081781780513  0.04920452200601258  0.05854551162961355  0.06898744076886680
  0.07985578042149777  0.09166831392253497  0.10460791791682793  0.11606099333457201
  0.12575965126644056  0.13446062080712678  0.14341508333370112  0.15315758468434698
  0.16397456403362956  0.17529624988745496  0.18647808044381364  0.19798166736600087
  0.21051415781160121  0.22280492399197049  0.23310370946830411  0.24308263143171455
  0.25237766210771717  0.26206237977909863  0.27083963108834985  0.28017051358432010
  0.29119711002611137  0.30215547467430859  0.31230979688147353  0.32342209812458667
  0.33445207440304364  0.34481980192500539  0.35474533119223950  0.36715585073970619
  0.37935501762809765  0.39138244579570447  0.40297195030601157  0.41369244325142523
  0.42433965907146226  0.43505798668531837  0.44598062575984532  0.45717920430648756
  0.46879377975644931  0.48001588928056543  0.49038083069474575  0.50088123417190222
  0.51125401510403012  0.52179534329356914  0.53265716086612336  0.54323649189256562
  0.55306864628867358  0.56273323727083624  0.57293551315916225  0.58316085960886754
  0.59342187489543252  0.60357131588893342  0.61429396529804303  0.62580622334454050
  0.63776084058097726  0.64938556202878750  0.66063481444021754  0.67157507254462356
  0.68256460015329368  0.69385875382089024  0.70562276973733162  0.71735674395698645
  0.72889876878935189  0.73876874573099249  0.74721913800157469  0.75549604624767130
  0.76432372232916435  0.77393572433712121  0.78309677123717825  0.79222535223110746
  0.80235955457743502  0.81121644590331954  0.82031104090153395  0.82966790896460474
  0.83843939158932035  0.84823119951959336  0.85814439164988521  0.86805516223367885
  0.87838445139387378  0.88904833187766374  0.90022304377302720  0.91174073766529540
  0.92321467689072434  0.93428366839841726  0.94512092115852897  0.95612317824327286
  0.96698427058004532  0.97757204764024452  0.98975343299040630  1.00000000000000000
 -0.00243778691751816  0.00891742911814592  0.02057461412130744  0.03266753559055883
  0.04473978960587589  0.05651299671089881  0.06835566288792912  0.08050976517930165
  0.09247888496774140  0.10345079867030053  0.11339238219111025  0.12269609776201568
  0.13088615713741031  0.14028054890250732  0.15091685498622923  0.16094782908352695
  0.17078726721130560  0.18181711580908075  0.19376900059991722  0.20609252637741315
  0.21827360010064589  0.22922234472018521  0.23789066180480808  0.24503906378363263
  0.25165574129486679  0.26011769102453419  0.26974518940465186  0.27894833296175681
  0.28691453144423268  0.29436771304158510  0.30322163362496340  0.31283971945831546
  0.32186828052830641  0.33067752550938173  0.34012181809003683  0.34938479833422198
  0.35903857151161450  0.36908187527631875  0.37966234954211647  0.39186892436666998
  0.40386230381755900  0.41609078800132171  0.42727851227352082  0.43778534327598978
  0.44794032080699253  0.45861427735093363  0.46939423395914143  0.48033323888242563
  0.49119913121203901  0.50123097188430121  0.51084680736029109  0.52105388115731588
  0.53216028991755260  0.54390643839012465  0.55557873169958627  0.56682271684671026
  0.57769133623997737  0.58848805560999240  0.59822900495093079  0.60966782663086250
  0.62119899358907227  0.63193094281999129  0.64254671371146654  0.65326054059561400
  0.66424188150665386  0.67553076054654304  0.68730058314259423  0.69960482090246034
  0.71168338183030500  0.72305371231082327  0.73457651775626776  0.74596573442710445
  0.75716827353126093  0.76826145516736200  0.77908890058436542  0.78971972131769030
  0.80110930846952388  0.81271620522117072  0.82529750953841940  0.83690542002355472
  0.84731320234173113  0.85684992220281764  0.86616352655195594  0.87516862132737094
  0.88461383870730137  0.89440677350134623  0.90643089244143560  0.91745414921866431
  0.92792100173677194  0.93861008430195825  0.94946845294342241  0.95987817903795314
  0.96859174486855215  0.97783950084563498  0.98793751623008674  1.00000000000000000
 -0.00288784413247116  0.00983109811242576  0.02197250562933001  0.03367756468235911
  0.04525246500952933  0.05583234876020034  0.06492409354967388  0.07314231721378450
  0.08142206396244318  0.09122860517745776  0.10177297334991291  0.11161090049708511
  0.12186892865358470  0.13185578456730834  0.14153811525977616  0.15116974091074631
  0.16137592466293599  0.17059352030477240  0.17936376241077123  0.18867014816070507
  0.19739107247032497  0.20619609843815861  0.21577253682082234  0.22517449074468382
  0.23552350768922828  0.24682835763795730  0.25829889028012681  0.26980717515527664
  0.28115283421757997  0.29195090897487203  0.30215029320271236  0.31270095510400575
  0.32428652104888989  0.33641781108220659  0.34840386419992342  0.36002905621416470
  0.37160780030055263  0.38346290318233778  0.39571104281779113  0.40673066307909439
  0.41676382638613435  0.42602787175798407  0.43551424474340467  0.44504087823992278
  0.45439977937307724  0.46440498984872436  0.47518369750106060  0.48621403703072319
  0.49698299878685398  0.50754152040958245  0.51796807132894651  0.52927121941076216
  0.54082233519636658  0.55180773332807420  0.56263712362094864  0.57454368940574152
  0.58684656443193939  0.59788771938699758  0.60875828968812795  0.61938529198257453
  0.62967723241153029  0.64052223994760560  0.65123434051856066  0.66400575845077792
  0.67741171314570470  0.68978840138624109  0.70129844500980054  0.71243646526139981
  0.72267080039862608  0.73154540309806959  0.74032815511324790  0.75056511370318135
  0.76247090072261958  0.77489093168318468  0.78641249693889570  0.79673380407008731
  0.80675304681313675  0.81722211986681448  0.82769045308291478  0.83841454091027245
  0.85056696459846770  0.86294558285552825  0.87433947700184489  0.88523141016968787
  0.89616386437966911  0.90736361778414976  0.91770497641718318  0.92697737939890934
  0.93567913712476147  0.94413359136871466  0.95326463101388292  0.96252267878089137
  0.97134422982507784  0.97980853330305306  0.98939637770228461  1.00000000000000000
 -0.00146463167919599  0.00662692750688703  0.01631720146799383  0.02660170252297129
  0.03789401277093105  0.04889677194533038  0.05955610230258072  0.06998363877363023
  0.08091535394808329  0.09214536705236374  0.10319833582997348  0.11403371056797687
  0.12526564683829208  0.13676993157336884  0.14840893209576786  0.16004597865389564
  0.17180251939767108  0.18279341993937520  0.19331665968637013  0.20430647784633935
  0.21601789251127676  0.22798780981776332  0.24029908208083992  0.25217924815727638
  0.26318749350812848  0.27297449489029063  0.28220794731194154  0.29181183185774573
  0.30146694020721221  0.31147779139489895  0.32220741499546168  0.33356762296624903
  0.34435137807275562  0.35507167479246599  0.36635245219537649  0.37810034860215130
  0.39035760370313005  0.40266019039110240  0.41393088171895676  0.42324752001764304
  0.43203122964478302  0.44272768891962028  0.45349615652937947  0.46272917543169512
  0.47082814135597933  0.48011949511829161  0.49156559703383357  0.50380747871103781
  0.51552670196376404  0.52446683900202351  0.53179730514147738  0.53936605724302489
  0.54756015550590120  0.55549044845319806  0.56417582217265372  0.57365320759546856
  0.58218378008884009  0.59134604487932907  0.60333234790120749  0.61631891768512048
  0.62777673187156680  0.63719325741911015  0.64731365173074007  0.65801204083998521
  0.66802431007505347  0.67747974758363361  0.68661072314118843  0.69625759940387077
  0.70603820460908784  0.71605698626184333  0.72629344917977867  0.73676916730574760
  0.74788073164045932  0.75947161118525264  0.77062783219337661  0.78115619207160891
  0.79168361152897304  0.80261036438251221  0.81375743696749558  0.82484002092219122
  0.83613211888373351  0.84806134744566419  0.85961147153908668  0.87098028227102176
  0.88181493182088577  0.89238593588945525  0.90301759010746530  0.91382168327108115
  0.92462435380907415  0.93505579455384769  0.94515674440092534  0.95460040871668106
  0.96447642329405026  0.97579111918004457  0.98828157023788821  1.00000000000000000
 -0.00234415020016098  0.00837552999017674  0.01925187358178751  0.03053315796666982
  0.04234021008950867  0.05445549820886649  0.06656995888767664  0.07841650779870665
  0.09022327558473398  0.10197618332341578  0.11347340065985952  0.12476735333152107
  0.13622497279790138  0.14803167437011350  0.15995952524668242  0.17202565097988889
  0.18396015898599374  0.19412540607746864  0.20348766559605302  0.21275103357355699
  0.22296025600404662  0.23456946551530361  0.24624891255998194  0.25668712178271480
  0.26740017314212700  0.27761849996242460  0.28665875490623061  0.29548886161658805
  0.30631772656361417  0.31768628814085953  0.32969890559507209  0.34205568431605854
  0.35423248286884212  0.36662488481145405  0.37863137500092087  0.38977238407917181
  0.40104088583276842  0.41242272530657442  0.42309921985767313  0.43343793500552308
  0.44428783772721320  0.45510043269367351  0.46606894147129974  0.47759097639347947
  0.48933545340797863  0.50099883301951043  0.51261178762165560  0.52409080948749476
  0.53481312310698670  0.54462545510638094  0.55393444594906105  0.56334638432703121
  0.57350582174552567  0.58461255699538395  0.59599063369468630  0.60690482171650739
  0.61732964022318881  0.62730920295252646  0.63733025632872464  0.64764702182748091
  0.65747822154729785  0.66903021032889043  0.68030129561344355  0.69139860441185330
  0.70184187186477032  0.71189313221441231  0.72207186407887880  0.73212022884432870
  0.74160432922136821  0.75038913240912641  0.75789074118957611  0.76583081037745537
  0.77488747411922487  0.78463828379195655  0.79426070404261606  0.80425522404675420
  0.81433298062323789  0.82421613057095955  0.83409596445627943  0.84413980005990552
  0.85420367239315587  0.86435988527767871  0.87553141130140388  0.88755485606044959
  0.89769867940166925  0.90673068173331217  0.91539278495663390  0.92418751657840936
  0.93311725331815387  0.94222576694756754  0.95020884104123715  0.95726201136703326
  0.96525380409728589  0.97502554271519404  0.98465313390881692  1.00000000000000000
 -0.00408309169723997  0.01228000499927085  0.02520354285359744  0.03666709085727353
  0.04837215205869374  0.06043480069701732  0.07152097470179299  0.08153298409183950
  0.09131438417346228  0.10126779221066956  0.11186530377740111  0.12280345679865665
  0.13392921319792644  0.14601965732927369  0.15775512088515015  0.16816372803515417
  0.17807742466309126  0.18813062335488445  0.19806378813968015  0.20820386850616424
  0.21935934076210267  0.23129262133173822  0.24308342360387558  0.25437241292616031
  0.26558673567771418  0.27697496212196571  0.28839017881486734  0.29973111607622033
  0.31083570496147128  0.32166649792111157  0.33242542788688911  0.34283623843223426
  0.35339780077187138  0.36347432407148084  0.37286681441702541  0.38099427773316868
  0.38979652287202654  0.39919101795844369  0.40761558712366364  0.41550293643414360
  0.42473262378107657  0.43523740335551570  0.44573014557746726  0.45619876960536360
  0.46679496353083633  0.47680466260193266  0.48578824479789912  0.49562116607655204
  0.50617916098205595  0.51632490608404225  0.52617646094695791  0.53677440850840852
  0.54656665801483717  0.55582066579905742  0.56530413281359082  0.57595612361678161
  0.58585351566398169  0.59582367430468963  0.60607193132479542  0.61635005168708323
  0.62602386347924699  0.63535832022781125  0.64531491645847661  0.65619297109994512
  0.66741890763055034  0.67840020231668419  0.68922579649416416  0.70003840170243148
  0.71070680962087740  0.72075972112005382  0.73028341752844728  0.73987899266733781
  0.74906959770388137  0.75862494384851986  0.76965711438478979  0.78121839356018552
  0.79291041753053315  0.80467146622356911  0.81624398134159182  0.82768572370991400
  0.83894918560674092  0.85017891991015693  0.86144793856282731  0.87286953519295107
  0.88464242444418340  0.89494559711673027  0.90482006509867119  0.91469391501540098
  0.92425328699408538  0.93413187239328010  0.94442525100611352  0.95507258914503579
  0.96607232185831393  0.97714987844456769  0.98918861934798041  1.00000000000000000
 -0.00239915745254659  0.00851454169389025  0.02038098258618685  0.03177085266667875
  0.04265617362631795  0.05415778797038590  0.06583801450600694  0.07632240798010850
  0.08599487158279984  0.09518570729344387  0.10404661452442397  0.11309098354967673
  0.12268904994296079  0.13154231327156396  0.13981895248164977  0.14830617095353690
  0.15720401167140097  0.16753677831418204  0.17903490634589353  0.19045094751455241
  0.20149095958348226  0.21295143185432208  0.22406223594588703  0.23305288654646378
  0.24071377201687555  0.24957419801029126  0.25879120712544834  0.26795758642078188
  0.27693651490113630  0.28512372098705902  0.29328755672882645  0.30371731577147149
  0.31506711774734691  0.32474578174808094  0.33574490218046182  0.34593115722160700
  0.35632465366305582  0.36815003381722994  0.37935060752827360  0.39043679729039932
  0.39992908725419657  0.41276365881453203  0.42473214809529253  0.43619645248488348
  0.44683760983322429  0.45717234053076816  0.46723724380118353  0.47719495564637715
  0.48698232595302537  0.49734637098117379  0.50877283971824983  0.52076049241043632
  0.53224782581639418  0.54263017071272968  0.55345746435882659  0.56443280993257061
  0.57450611072780855  0.58455932993036297  0.59472685902538180  0.60497201723101923
  0.61578141449839452  0.62723713611133769  0.63863429227116730  0.64945382478362124
  0.65982202129287792  0.66970185835805485  0.67898876735114744  0.68826678403047370
  0.69923682365931605  0.71068601120574604  0.72130588710493282  0.73223859596496621
  0.74380017860356373  0.75503034651178280  0.76555014553472911  0.77577517414687569
  0.78628874558024542  0.79744421058757708  0.80915902443866228  0.82089230684585657
  0.83278187645248158  0.84525799310282501  0.85807239818362990  0.87051897205545525
  0.88218566946390042  0.89283793314038740  0.90300142096427272  0.91429032777908648
  0.92514988313301760  0.93466033906012858  0.94337298615723608  0.95261485743733898
  0.96228368954890575  0.97270714100686884  0.98356936455085386  1.00000000000000000
 -0.00306994268916639  0.01008695466647681  0.02346272020528383  0.03627867189290290
  0.04843210687982585  0.05976905779859424  0.07056475173992600  0.08091991598107356
  0.09126429718455371  0.10166501281533455  0.11222596326427046  0.12278019068401527
  0.13311924277368831  0.14357698441242550  0.15398204207071622  0.16421418808694307
  0.17446103924979178  0.18428268831489406  0.19386356755811901  0.20389015821265941
  0.21426185455731472  0.22546676298895588  0.23758240611720391  0.24931732314408830
  0.26100414630223284  0.27315958108949473  0.28530865358879753  0.29687880363212266
  0.30786012021750497  0.31817031321978045  0.32769736589087722  0.33702725157667046
  0.34661769773763440  0.35660009548669502  0.36722801836975111  0.37843931232674716
  0.38974649923591020  0.40065156627143989  0.41136367351133679  0.42208981578120680
  0.43267452495426567  0.44320460978831994  0.45383839786869584  0.46518249332571471
  0.47718417340091496  0.48899549437280754  0.49993344591248723  0.51033760609787482
  0.52067802509545258  0.52991305708195791  0.53868540134859910  0.54727816724284428
  0.55661420699064612  0.56711510836482504  0.57812945352275402  0.58944234339139745
  0.60123794280334808  0.61335061709071148  0.62554106134357290  0.63774439371284508
  0.64945030212466293  0.65965896278856229  0.66835673249859051  0.67706612575087233
  0.68642230733300358  0.69651541301603759  0.70735203440965644  0.71852380923558168
  0.72902791251138233  0.73833387535677675  0.74673728125577454  0.75459931759958865
  0.76387615230241845  0.77366949470872415  0.78276813927443334  0.79220400361905607
  0.80345957234970389  0.81458497320768319  0.82442976337093599  0.83453929273669591
  0.84452582958702971  0.85376195456878989  0.86331739185269074  0.87375385816371631
  0.88290000022469106  0.89287954521923407  0.90279327564306511  0.91185891782200457
  0.92099320849121358  0.92970890326086209  0.93833475779569586  0.94846160576017602
  0.96004034795389703  0.97253224462407650  0.98586185762338463  1.00000000000000000
 -0.00197060615069547  0.00803693836159051  0.01772901893139654  0.02747197600445851
  0.03692061792476732  0.04898151806331394  0.06121799952213439  0.07261916632941108
  0.08424331983345847  0.09605985465442263  0.10806535211857679  0.12009144126006474
  0.13220063798831247  0.14444874773902419  0.15615531399743271  0.16606509984171242
  0.17498817126047228  0.18430110300939276  0.19311079039197576  0.20145188742647208
  0.21015033615767953  0.21928917716005672  0.23017898629526323  0.24155330703493352
  0.25302502518789760  0.26463995134188806  0.27601790705390650  0.28765833480104080
  0.29915117548627457  0.30994780958706325  0.32028434038973697  0.33036324576621456
  0.33996940581607871  0.34871398780248286  0.35651043855732184  0.36490570513295639
  0.37489609275064728  0.38486607056597794  0.39565414792628323  0.40579802939849091
  0.41476292707891504  0.42408735315063634  0.43433753660007052  0.44354457373572603
  0.45298766547993002  0.46177396042467589  0.47085847646077073  0.48002323719064038
  0.48954317492312793  0.49916850861515655  0.51004974800067970  0.52189132989978082
  0.53246820487917945  0.54282645195760426  0.55410417091432207  0.56585008889343713
  0.57852607230868158  0.59123070967591074  0.60313417639161226  0.61468713506189776
  0.62636896388412955  0.63868569070994552  0.65137737538668961  0.66409667429707031
  0.67583740194210973  0.68583288406347886  0.69507306043342665  0.70450589131452190
  0.71403016182320522  0.72305074970666283  0.73223084862610610  0.74110203123076057
  0.75121664064609195  0.76151485190128521  0.77170948924487659  0.78180045656300168
  0.79157621871076600  0.80164238570626878  0.81151341819700240  0.82104290076114761
  0.83155863153041087  0.84271226110611830  0.85399060167493523  0.86565878865720725
  0.87719357670426212  0.88883289113596509  0.90105410359822835  0.91224191632534779
  0.92393344492546770  0.93653958170302398  0.94933559107409060  0.96191574207335673
  0.97355587824647516  0.98399867102219229  0.99265889098993088  1.00000000000000000
 -0.00248832760127652  0.00963004874999333  0.02137977970813343  0.03209865603308249
  0.04405130161683593  0.05630335154571821  0.06827664991175095  0.08007184220123723
  0.09201261700738020  0.10340508914818182  0.11321383423276679  0.12292453865714589
  0.13360499682852409  0.14494020331485297  0.15649355790500818  0.16777499820397671
  0.17877942873011740  0.18969829469822239  0.20058302446520934  0.21158688191669997
  0.22307879507769593  0.23437249668923515  0.24600623421130668  0.25773543244318570
  0.26959172545966614  0.28071307641066862  0.29114024071375982  0.30132058136543144
  0.31132213521870433  0.32187510271289382  0.33283091620632599  0.34390386347768626
  0.35430956944872455  0.36414876730858203  0.37447892412402184  0.38579078309250570
  0.39641663002059746  0.40682477712928139  0.41737115352141019  0.42827831358615270
  0.44011134563810489  0.45183868176333031  0.46233500538408823  0.47150382054721796
  0.47985068568173883  0.48812333705849775  0.49646954490871226  0.50554031128945942
  0.51484351181228039  0.52514211510202835  0.53516276715980360  0.54352584581722196
  0.55202918701521619  0.56130841932599707  0.57110116182588677  0.58198615422487343
  0.59322943178828635  0.60393120585329529  0.61410135831426660  0.62367109198965898
  0.63337411275674993  0.64463327066511600  0.65682625903992509  0.66808163650594199
  0.67780336562689802  0.68688748349868023  0.69590270164169732  0.70448183032233513
  0.71353271114606465  0.72286729722998189  0.73211307408701820  0.74296922248259456
  0.75518685194384172  0.76659834719642395  0.77792401975838121  0.78913472788571581
  0.80041391683779173  0.81161805018887700  0.82287317146217187  0.83455651943347997
  0.84681238760329347  0.85820314338957693  0.86859794024735648  0.87894568419681196
  0.88944739239382287  0.90014730037796398  0.91142049348531362  0.92309643325765967
  0.93445284497411951  0.94507964364311148  0.95551289089246216  0.96581654495801250
  0.97483890319524469  0.98211688511030804  0.98944361447259266  1.00000000000000000
 -0.00324739063455727  0.00988932882793992  0.02354537607309013  0.03629219853552811
  0.04736389110906827  0.05729047966058971  0.06699081648940763  0.07724323252637046
  0.08822184503592911  0.09914373033755818  0.10938632874851975  0.11893162784561730
  0.12799932741219142  0.13798056212138765  0.14924576993302294  0.16014753440041141
  0.17018051524886899  0.17936950097891857  0.19019975055104602  0.20204229085044575
  0.21354308015485338  0.22386434628139215  0.23251419875311696  0.24157260606169931
  0.25129961550971075  0.26236204458760237  0.27284200411461196  0.28404236685308915
  0.29569806258948661  0.30743639388700028  0.31914366496217222  0.33016709233861363
  0.34066117117970324  0.35077289719299487  0.36087280143808009  0.37103436789956568
  0.38126022927868541  0.39227740432570590  0.40411071039059748  0.41649362337630447
  0.42806241595288813  0.43775629552203310  0.44663723607822708  0.45605151578084641
  0.46516487561854658  0.47448317421923014  0.48672116405835697  0.49892357374639185
  0.51084942327690597  0.52210456587778431  0.53221534615127575  0.54206501185815270
  0.55204931128578894  0.56222993017330569  0.57431136835514374  0.58711153595236665
  0.59916814153775222  0.61054533419217694  0.62181429161172674  0.63328581755005442
  0.64479241886970129  0.65616143580478437  0.66743847516423349  0.67804204393632750
  0.68872354810030267  0.70001363328529720  0.71181865204366201  0.72264557064841195
  0.73207508984297964  0.74009037778214892  0.74871265654771513  0.75789922925104292
  0.76678849311142794  0.77537809241272337  0.78414357396361489  0.79301960560984730
  0.80247077751906004  0.81258098071605689  0.82329934797755011  0.83429082817881783
  0.84447093534964501  0.85359404329041388  0.86356153591927587  0.87476243676517362
  0.88620014663017410  0.89676505649309568  0.90702891449934631  0.91814835445588960
  0.92867200995582511  0.93913985428933933  0.95003318050687313  0.95976180614055651
  0.96875475398928002  0.97920646552549195  0.98947518398329259  1.00000000000000000
 -0.00323149625058069  0.01032730426061961  0.02403825679382113  0.03730269427589631
  0.04975053772388672  0.06158041937455620  0.07324343857890028  0.08463949741034424
  0.09551430940613514  0.10599908603676708  0.11618712926440160  0.12637213874594144
  0.13665990998514468  0.14714361401415624  0.15772057635260475  0.16766082455847028
  0.17695652706208656  0.18669734314136852  0.19766482572920474  0.20929440418913192
  0.22056152562252140  0.23145885031116706  0.24296097851198109  0.25531022027893335
  0.26733968197782931  0.27788258265104260  0.28770493361237920  0.29750614674125925
  0.30760949638123314  0.31746188215624815  0.32741835341654157  0.33722635280859992
  0.34731094967798010  0.35700104877621031  0.36705268082603698  0.37859964393780821
  0.39019106110575191  0.40097019798716194  0.41060315110140844  0.41965641990056501
  0.42972988512939642  0.43956137534974205  0.44837327275894884  0.45799866868517369
  0.46916385848350484  0.48038762281220826  0.49117730194384945  0.50191912825931417
  0.51215385877699215  0.52214638050599593  0.53289457104106885  0.54385698708726704
  0.55400544508612137  0.56349255456740521  0.57281159488986522  0.58232011079797641
  0.59188126296839028  0.60172070878850925  0.61228024432467842  0.62249806993460166
  0.63035074464213636  0.63648741572957279  0.64486948536967115  0.65418776625061636
  0.66412661130754080  0.67435081753836246  0.68434356522122886  0.69445355562008981
  0.70482271923323114  0.71513574371582855  0.72596184364847705  0.73793510858324263
  0.75049272446939364  0.76261490825634703  0.77388543518430697  0.78473678719664031
  0.79510228606142963  0.80446103833032057  0.81374972172698423  0.82267879058473081
  0.83212656946330454  0.84158531072185994  0.85130240357534837  0.86215688098573318
  0.87387164217899005  0.88569556939302807  0.89728711463149813  0.90864456762908896
  0.91983172006901337  0.93098884682230887  0.94217316822242148  0.95344662237993871
  0.96489969776539075  0.97643188252332269  0.98661320323690294  1.00000000000000000
 -0.00245521224568784  0.00841351686156726  0.02084624983858597  0.03365729343293507
  0.04610352420016934  0.05802908289121888  0.06970459361423345  0.08127203287991894
  0.09256917143763468  0.10351840803271817  0.11442632313382584  0.12497216963941903
  0.13473981570173219  0.14440786942129072  0.15417454657775009  0.16417705742195712
  0.17485894269884467  0.18606806837404011  0.19660363412816986  0.20647484732996887
  0.21681995684760655  0.22790530140759885  0.23941860367082135  0.25117109788312025
  0.26283586235475304  0.27425523908399430  0.28591573697795775  0.29811752178767476
  0.30997471240615665  0.31969947885987421  0.32827538365259146  0.33703545679327718
  0.34586098011502914  0.35491308009622946  0.36398236708129272  0.37338896077403433
  0.38382440062497863  0.39490554692816043  0.40571283335501696  0.41626035309379211
  0.42690047221203564  0.43782293537302142  0.44909831012729523  0.46090149636601035
  0.47276490978010405  0.48457587821429571  0.49609566903601804  0.50703177387561504
  0.51701226457853378  0.52682499291252305  0.53763704986113903  0.54788341433515253
  0.55782074992697883  0.56655582802320703  0.57680236104554361  0.58678898018255499
  0.59527374639429387  0.60473091181499605  0.61574485979273330  0.62600017449297696
  0.63559020459548310  0.64533743328350091  0.65571307674666834  0.66635200206129208
  0.67649886345962806  0.68613007315907315  0.69623631626546889  0.70680769669609311
  0.71704037468306792  0.72662175819196650  0.73707066065295423  0.74904723350471825
  0.75976914043879396  0.76936773802748482  0.77951618361964969  0.79018189339044920
  0.80099280652798666  0.81155283838950409  0.82190022545426311  0.83212227932558869
  0.84223625863055895  0.85286040412832753  0.86421721494218018  0.87550929149346524
  0.88613323629284668  0.89702140165694566  0.90826214080788603  0.91922932862556461
  0.92999168428928769  0.94097808899370960  0.95187374394022051  0.96122650384861641
  0.96966356838393886  0.97908352261133980  0.98937056647683297  1.00000000000000000
 -0.00221895032486416  0.00865084147915698  0.01971292487759784  0.02690001039025419
  0.03591972754773787  0.04552255219265711  0.05509529944608762  0.06489771436982435
  0.07431142789146028  0.08368087140909132  0.09536698541049018  0.10770256882853942
  0.11874298694184052  0.12891503229757467  0.13933034338566885  0.14978754102819936
  0.15989811039083249  0.16901630628742403  0.17842344676323807  0.18865946745392828
  0.19945563163154595  0.21064310489472612  0.22188812111142547  0.23344399410971367
  0.24501951140839981  0.25587436826436571  0.26645067919071524  0.27646137576048846
  0.28631448722203606  0.29671316384070051  0.30682109437073057  0.31598753494954418
  0.32540067766844583  0.33594621122225954  0.34679654148613831  0.35753804426126390
  0.36779036080526811  0.37763046904365039  0.38807114275134980  0.39898028431294652
  0.41001901186414247  0.42120061559507305  0.43230886630635501  0.44339998855411217
  0.45509027127684781  0.46741001426395379  0.47941666612133332  0.49134433249131543
  0.50366886004067535  0.51591831299228663  0.52647157917556475  0.53486071633476795
  0.54325950913645393  0.55205551112024520  0.56220786573018189  0.57374606601786504
  0.58514094539803918  0.59461540854632366  0.60335278015139970  0.61296586937287922
  0.62299482887836810  0.63299325041534527  0.64338093214960024  0.65459991045908006
  0.66638912909186820  0.67799029383067244  0.68930571254814887  0.70054599467148004
  0.71180343824655656  0.72331757595651813  0.73455086130990321  0.74462543122669522
  0.75429137151847725  0.76468375342888539  0.77565109255669240  0.78667320249574280
  0.79715733854132664  0.80698550014593862  0.81643183456795010  0.82646986370162157
  0.83729503815190565  0.84803069842476009  0.85821114853199476  0.86778367630544173
  0.87768901847916148  0.88792711023150817  0.89858041100023178  0.91009974223674939
  0.92223746019223607  0.93426315346997346  0.94554301618210068  0.95643227097660244
  0.96729323076114393  0.97780151243123825  0.98889485729702920  1.00000000000000000
  0.00831796065755252  0.01894059093060668  0.03197272001338720  0.04436474915543478
  0.05608751548901576  0.06760857104207739  0.07875604060464561  0.08972337170505842
  0.10074611186550232  0.11188092335475633  0.12319188465948183  0.13480729514749115
  0.14652105953574213  0.15756068950583338  0.16761040984205186  0.17735418374836961
  0.18684569389054656  0.19658672157136747  0.20679320200485690  0.21712436532138962
  0.22802429527660190  0.23985718135716230  0.25218685020432757  0.26470162320719048
  0.27708045926104102  0.28820775153261025  0.29866464609248444  0.30915570003738568
  0.31981632901169288  0.33077820987339018  0.34269096069502109  0.35529703629839154
  0.36807402035962289  0.38062664398021734  0.39269753398123125  0.40407797797691930
  0.41463488081754124  0.42440539405349020  0.43366092537084272  0.44284771329237127
  0.45242303274045781  0.46264456814807808  0.47345786509164040  0.48428978306739262
  0.49430641051782775  0.50345706426341130  0.51202838851006893  0.52070723747443415
  0.52938110986463072  0.53713711631934247  0.54757689125623443  0.55918650070341303
  0.57072308287957685  0.58139722332513533  0.59397554204794556  0.60393909000583845
  0.61208802670832951  0.62119923449134562  0.63094981449158472  0.64084174584673514
  0.64994031512047812  0.65761309436618720  0.66503380722736583  0.67422974110616762
  0.68507960383117095  0.69636903686949680  0.70784004625904628  0.71864307409300510
  0.72795954008189334  0.73619184775015578  0.74542267621702663  0.75548580861147019
  0.76511844201236190  0.77498552713493918  0.78547235652155056  0.79655517298305945
  0.80803467508019078  0.81927911664902831  0.83019932156768372  0.84103268024386757
  0.85083830832340634  0.85915885836721040  0.86716844155703399  0.87442526763410366
  0.88230070258706284  0.89183375286986266  0.90118739568558126  0.90995303004302353
  0.91871429102724100  0.92802014091831586  0.93849722057643736  0.95023513865700493
  0.96267126017614912  0.97503239657156593  0.98732243865806779  1.00000000000000000
 -0.04407721635786049  0.18454267313598044  0.23249261313408240  0.25678681725660452
  0.27472535623859390  0.28997830289571624  0.30210921029900334  0.31144224346716992
  0.31985835259870837  0.32861656928654870  0.33684581722588092  0.34451964751610464
  0.35216365735415012  0.35896435985515035  0.36424842058317536  0.36869705735217367
  0.37209317926969193  0.37562732846976610  0.38007018263871056  0.38510664468040984
  0.38995965594833520  0.39469403994644359  0.39945740529697865  0.40441343747826014
  0.40935883773712112  0.41406943608728985  0.41839143247126392  0.42267506948645306
  0.42690391320191196  0.43119663234332634  0.43491681153000367  0.43863574206111278
  0.44227943905604644  0.44583950352853829  0.44954267914591256  0.45316859084882272
  0.45691730726836205  0.46059685602008538  0.46403948501081493  0.46741009882332213
  0.47092185470476433  0.47443501738010785  0.47794069830684832  0.48158437315372293
  0.48536321689850853  0.48917866709769592  0.49299857570189459  0.49681521538519513
  0.50045403188822435  0.50363194849055515  0.50659261212719542  0.50974818387795029
  0.51303902395139944  0.51646276794567747  0.51989128451793332  0.52329562829383680
  0.52658422122674953  0.52957821191236798  0.53245009476943372  0.53568324488919727
  0.53923025466668606  0.54279956729708889  0.54619838220405925  0.54946181285147921
  0.55280954182156483  0.55632054213388049  0.55967017687240994  0.56304454698111595
  0.56712845865968586  0.57171346758385377  0.57631397548399121  0.58077071491775856
  0.58517147285925630  0.58967018233203716  0.59436203241881080  0.59979876371757779
  0.60523815509669798  0.61077337480235994  0.61615943048375432  0.62139106402188393
  0.62670073683704142  0.63232976973162225  0.63840815187611510  0.64487627650396051
  0.65181276771026830  0.65974858090678234  0.66875933784992703  0.67856862241583438
  0.68894290595239582  0.70018582817868791  0.71272087086637181  0.72690931884967125
  0.74454831070694905  0.77215523265767227  0.82052039848171576  1.00000000000000000
   2.1678105525553814E-010  -1.0000000000000000     
 T F F F F F F F F F F F F F F F F F F F F F F F F F F F F F F F F F F F F F F F F F F F F F F F F F F F F F F F F F F F F F F F F F F F F F F F F F F F F F F F F F F F F F F F F F F F F F F F F F F F F F F F F F F F F F F F F F F F F F F F F F F F F F F F F F F F F F F F F F F F F F F F F F F F F F F F F F F F F F F F F F F F F F F F F F F F F F F F F F F F F F F F F F F F F F F F F F F F F F F F F F F F F F F F F F F F F F F F F F F F F F F F F F F F F F F F F F F F F F F F F F F F F F F F F F F F F F F F F F F F F F F F F F F F F F F F F F F F F F F F F F F F F F F F F F F F F F F F F F F F F F F F F F F F F F F F F F F F F F F F F F F F F F F F F F F F F F F F F F F F F F F F F F F F F F F F F F F F F F F F F F F F F F F F F F F F F F F F F F F F F F F F F F F F F F F F F F F F F F F F F F F F F F F F F F F F F F F F F F F F F F F F F F F F F F F F F F F F F F F F F F F F F F F F F F F F F F F F F F F F F F F F F F F F F F F F F F F F F F F F F F F F F F F F F F F F F F F F F F F F F F F F F F F F F F F F F F F F F F F F F F F F F F F F F F F F F F F F F F F F F F F F F F F F F F F F F F F F F F F F F F F F F F F F F F F F F F F F F F F F F F F F F F F F F F F F F F F F F F F F F F F F F F F F F F F F F F F F F F F F F F F F F F F F F F F F F F F F F F F F F F F F F F F F F F F F F F F F F F F F F F F F F F F F F F F F F F F F F F F F F F F F F F F F F F F F F F F F F F F F F F F F F F F F F F F F F F F F F F F F F F F F F F F F F F F F F F F F F F F F F F F F F F F F F F F F F F F F F F F F F F F F F F F F T F F F F F F F F F F F F F F F F F F F F F F F F F F F F F F F F F F F F F F F F F F F F F F F F F F F F F F F F F F F F F F F F F F F F F F F F F F F F F F F F F F F F F F F F F F F F F F F F F F F F F F F F F F F F F F F F F F F F F F F F F F F F F F F F F F F F F F F F F F F F F F F F F F F F F F F F F F F F F F F F F F F F F F F F F F F F F F F F F F F F F F F F F F F F F F F F F F F F F F F F F F F F F F F F F F F F F F F F F F F F F F F F F F F F F F F F F F F F F F F F F F F F F F F F F F F F F F F F F F F F F F F F F F F F F F F F F F F F F F F F F F F F F F F F F F F F F F F F F F F F F F F F F F F F F F F F F F F F F F F F F F F F F F F F F F F F F F F F F F F F F F F F F F F F F F F F F F F F F F F F F F F F F F F F F F F F F F F F F F F F F F F F F F F F F F F F F F F F F F F F F F F F F F F F F F F F F F F F F F F F F F F F F F F F F F F F F F F F F F F F F F F F F F F F F F F F F F F F F F F F F F F F F F F F F F F F F F F F F F F F F F F F F F F F F F F F F F F F F F F F F F F F F F F F F F F F F F F F F F F F F F F F F F F F F F F F F F F F F F F F F F F F F F F F F F F F F F F F F F F F F F F F F F F F F F F F F F F F F F F F F F F F F F F F F F F F F F F F F F F F F F F F F F F F F F F F F F F F F F F F F F F F F F F F F F F F F F F F F F F F F F F F F F F F F F F F F F F F F F F F F F F F F F F F F F F F F F F F F F F F F F F F F F F F F F F F F F F F F F F F F F F F F F F F F F F F F F F F F F F F F F F F F F F F F F F F F F F F F F F F F F F F F F F F F F F F F F F F F F F F F F F F F F F F F F F F F F F F F F F F F F F F F F F F F F F F F F F F F F F F F F F F F F F F F F F F F F F F F F F F F F F F F F F F F F F F F F F F F F F F F F F F F F F F F F F F F F F F F F F F F F F F F F F F F F F F F F F F F F F F F F F F F F F F F F F F F F F F F F F F F F F F F F F F F F F F F F F F F F F F F F F F F F F F F F F F F F F F F F F F F F F F F F F F F F F F F F F F F F F F F F F F F F F F F F F F F F F F F F F F F F F F F F F F F F F F F F F F F F F F F F F F F F F F F F F F F F F F F F F F F F F F F F F F F F F F F F F F F F F F F F F F F F F F F F F F F F F F F F F F F F F F F F F F F F F F F F F F F F F F F F F F F F F F F F F F F F F F F F F F F F F F F F F F F F F F F F F F F F F F F F F F F F F F F F F F F F F F F F F F F F F F F F F F F F F F F F F F F F F F F F F F F F F F F F F F F F F F F F F F F F F F F F F F F F F F F F F F F F F F F F F F F F F F F F F F F F F F F F F F F F F F F F F F F F F F F F F F F F F F F F F F F F F F F F F F F F F F F F F F F F F F F F F F F F F F F F F F F F F
  <DiscreteSampler_grid>
  grouped_processes
  1 # 1 for a reference and 2 for a running grid.
  10 # Attribute 'min_bin_probing_points' of the grid.
  1 # Attribute 'grid_mode' of the grid. 1=='default',2=='initialization'
  0.0000000000000000 # Attribute 'small_contrib_threshold' of the grid.
  0.5000000000000000 # Attribute 'damping_power' of the grid.
 # binID   n_entries weight   weight_sqr   abs_weight
    37   10   4.557696339312378E+011   1.483124500349462E+024   4.557696339312378E+011
    40   10   4.871101367544673E+010   1.694108302376690E+022   4.871101367544673E+010
    43   10   4.871101367544638E+010   1.694108302376646E+022   4.871101367544638E+010
    46   10   2.603028675718584E+009   4.837764697949053E+019   2.603028675718584E+009
    49   10   1.301514337859329E+009   1.209441174487349E+019   1.301514337859329E+009
    52   10   2.603028675718638E+009   4.837764697949270E+019   2.603028675718638E+009
    55   10   1.391011554750055E+008   1.381491799543747E+017   1.391011554750055E+008
    58   10   1.301514337859303E+009   1.209441174487284E+019   1.301514337859303E+009
    61   10   1.391011554750037E+008   1.381491799543706E+017   1.391011554750037E+008
    64   10   3.716657375881588E+006   9.862610685755778E+013   3.716657375881588E+006
  </DiscreteSampler_grid>
