  0.02536176735555656  0.02840526725967387  0.03408935196826567  0.03948727197722345
  0.04506559697562222  0.05132846309211203  0.05833490213441812  0.06609408043400446
  0.07436730164090800  0.08300354335923857  0.09205076375200417  0.10131018151442878
  0.11032991082526772  0.11908177061915108  0.12763646242070051  0.13695764975562727
  0.14591075949442456  0.15462113368837305  0.16304462181625151  0.17193132617257539
  0.18256318702736282  0.19247820783477118  0.20212085512582581  0.21146116684132210
  0.22134047472620474  0.23052676449036302  0.23968690687692482  0.24975351867574611
  0.25980338240781292  0.26985239296621916  0.27995645264565866  0.29004502538881383
  0.29994742140820496  0.30940479993876846  0.31856676951336721  0.32807199817302163
  0.33767629381062320  0.34717746315531012  0.35671948950993154  0.36656158365853275
  0.37691158662561747  0.38778433920350702  0.39892080187877255  0.40988806583214854
  0.42052978753855524  0.43095385285627424  0.44051119835395069  0.44918146286391264
  0.45861047749308836  0.46805486696079757  0.47615867583492616  0.48406785949556091
  0.49257143373482748  0.50219246113127558  0.51252788722544240  0.52341238679455326
  0.53375460194092184  0.54403553696558349  0.55394870511726890  0.56446060807950027
  0.57487148516156927  0.58657844384147262  0.59779349276435600  0.60867107649976349
  0.61894453463483046  0.62926226520107942  0.63988023142602690  0.65116020500409044
  0.66290516222088214  0.67487602427158611  0.68677932731279467  0.69873874300307837
  0.70957574507486088  0.72017939245951179  0.73118280878283148  0.74177594446043504
  0.75209052377163699  0.76317307279869462  0.77446662111191589  0.78545109996001772
  0.79613710004235849  0.80612762082077694  0.81610530427744976  0.82604577912104249
  0.83748278447990332  0.85025287468832711  0.86385547337274404  0.87712392029144293
  0.89039777763910166  0.90284331221993819  0.91548312771588158  0.92878348255684362
  0.94290843525426704  0.95945895643799928  0.97264885370677368  1.00000000000000000
 -0.00000001113039166  0.00000007806416731  0.00000019366793575  0.00000032460049509
  0.00000046693854932  0.00000061440175423  0.00000076519491943  0.00000091393302773
  0.00000105433658947  0.00000120111134747  0.00000136106398075  0.00000151859258801
  0.00000167037557837  0.00000182625931447  0.00000198842284753  0.00000214856267317
  0.00000230129733208  0.00000245720263507  0.00000261836505504  0.00000277522074000
  0.00000293121858674  0.00000308905670089  0.00000325119617077  0.00000342048569666
  0.00000358278725497  0.00000372908558753  0.00000386428228932  0.00000400133547191
  0.00000414188495381  0.00000429160262433  0.00000444024715187  0.00000459285680628
  0.00000473518632132  0.00000487774966141  0.00000501426414150  0.00000515443212581
  0.00000528810220860  0.00000543253776104  0.00000557881429045  0.00000572287813170
  0.00000586297766913  0.00000600407686050  0.00000615272948739  0.00000629736911686
  0.00000643850449512  0.00000657606038360  0.00000671492284317  0.00000686341833120
  0.00000701661223823  0.00000717251662637  0.00000732891284874  0.00000748131326777
  0.00000763857452338  0.00000779269426899  0.00000794190502802  0.00000809402124345
  0.00000824105418678  0.00000838541175580  0.00000853359184196  0.00000867496981467
  0.00000885310012856  0.00000900924889178  0.00000915321865209  0.00000929725680217
  0.00000943768566894  0.00000957546946763  0.00000973067458960  0.00000990867419103
  0.00001009050812478  0.00001027596724700  0.00001046908926232  0.00001066568918135
  0.00001086802754531  0.00001108569631502  0.00001132014210151  0.00001156925359173
  0.00001182529706852  0.00001206816655812  0.00001229280986140  0.00001251007101375
  0.00001273037910507  0.00001297987512667  0.00001326853863121  0.00001358740288575
  0.00001394963182233  0.00001431617707700  0.00001464447014328  0.00001493309118100
  0.00001522631096364  0.00001552089754886  0.00001586957201606  0.00001631588280381
  0.00001683847216360  0.00001736571708388  0.00001782948778018  1.00000000000000000
  0.00912632074787723  0.01715561507873165  0.02705910112631663  0.03766688429759250
  0.04899641719985614  0.06068421467919914  0.07297068481833693  0.08496939321403554
  0.09603312174330501  0.10704681890702239  0.11785992041521619  0.12840016909132637
  0.13833092252514390  0.14830495608672606  0.15890107752967308  0.16923184548760628
  0.17957701131521223  0.18950422374599937  0.19954328288990197  0.21045716597138089
  0.22194789758527669  0.23329435400399248  0.24374621694851284  0.25346869636923280
  0.26305437546923099  0.27361471638702628  0.28475542458187658  0.29629284632318942
  0.30772350390015873  0.31880442179314816  0.32922520821315776  0.33938674781744987
  0.35007634980074337  0.36121145822948220  0.37230920159691883  0.38346305563928962
  0.39433601538685031  0.40465420797409851  0.41501655288600064  0.42516340701674432
  0.43430209832199990  0.44314617432907405  0.45245401792216416  0.46316274116802025
  0.47491771459095777  0.48725151272390643  0.49916639131141616  0.51023154035032292
  0.52068402010640369  0.53050905506752910  0.53995671947843549  0.54950901969437416
  0.55946256631687941  0.56970108589894175  0.58020364439331118  0.59129314881049322
  0.60306108655277846  0.61497944801367843  0.62635117903010362  0.63720543632557702
  0.64849869541116234  0.65991400286995427  0.67053003440750891  0.67914033625995041
  0.68728474804606632  0.69558203710428068  0.70496673337553295  0.71558171971587547
  0.72632435642419635  0.73721398128184124  0.74802832592411750  0.75840400665908803
  0.76804836360628137  0.77663891439486366  0.78597609874192864  0.79559564692972717
  0.80543756196170690  0.81452155621946720  0.82335990499021883  0.83274785758637204
  0.84350880555516972  0.85532140818698676  0.86729342675604271  0.87882229155573144
  0.89014786952919134  0.90024724686061919  0.91103234151182588  0.92126648719342163
  0.93117945620961717  0.94101037364469631  0.94975296964749178  0.95989088516414456
  0.97112431627268136  0.98247978082086995  0.99116568077930489  1.00000000000000000
 -0.00000001133913282  0.00000008283620315  0.00000020594007127  0.00000034724366596
  0.00000049353064683  0.00000063754834427  0.00000078340728935  0.00000093572464359
  0.00000109070086853  0.00000124948206667  0.00000140452515120  0.00000155222320115
  0.00000169968668294  0.00000185399002152  0.00000201723930896  0.00000218231194159
  0.00000234594303013  0.00000250275502356  0.00000265007227854  0.00000278662457967
  0.00000291612882397  0.00000305690420681  0.00000320671624826  0.00000335444205525
  0.00000350223413279  0.00000365812626440  0.00000381610674699  0.00000396984619579
  0.00000412272985909  0.00000427716282031  0.00000443787242479  0.00000460092663838
  0.00000476480720564  0.00000492900858754  0.00000508963518469  0.00000523633878431
  0.00000536815698039  0.00000549998991138  0.00000563047855226  0.00000575936551552
  0.00000589230343661  0.00000601870692457  0.00000615057564018  0.00000628678492703
  0.00000643472055980  0.00000658984169793  0.00000674216110877  0.00000689070532599
  0.00000703875067356  0.00000718841742611  0.00000733684818407  0.00000748414576005
  0.00000762555324777  0.00000775834456986  0.00000789459059606  0.00000803465824077
  0.00000817599652960  0.00000831504202110  0.00000845627292565  0.00000860563792581
  0.00000875742351919  0.00000891457488527  0.00000907731401765  0.00000923567803365
  0.00000939461463492  0.00000955992437007  0.00000972938535095  0.00000990663128202
  0.00001008977070904  0.00001027734582108  0.00001046684234775  0.00001066696567518
  0.00001088625531906  0.00001113169276564  0.00001140149256849  0.00001169492057425
  0.00001196460172366  0.00001223666701481  0.00001251727272435  0.00001279627641525
  0.00001307081855673  0.00001334823369752  0.00001362823234113  0.00001388259067717
  0.00001407832032478  0.00001425425543701  0.00001445306845684  0.00001471226954309
  0.00001508515920286  0.00001549816116423  0.00001591521949939  0.00001635293400490
  0.00001682034838670  0.00001737177968209  0.00001792639966671  1.00000000000000000
  0.02498843506608323  0.02917935647926838  0.03481247218319295  0.04132708203912253
  0.04912844573874374  0.05760158322645723  0.06612714157228949  0.07448568454881190
  0.08274466287859854  0.09098077789604506  0.09928738056262680  0.10774840614843510
  0.11628064155168251  0.12482287695845405  0.13361909757462989  0.14253446495530023
  0.15160290285162958  0.16091436362520062  0.17016478686470965  0.17942799710786494
  0.18888442552758009  0.19855735845306019  0.20814281601989301  0.21706359341630771
  0.22566299102990034  0.23452152130971815  0.24300126926023341  0.25192346880327099
  0.26190080424294859  0.27204628254550717  0.28165405289070472  0.29079456227633299
  0.30000760322919950  0.30946125408118103  0.31927117028970964  0.32946668190013195
  0.33989204503658632  0.35035256730335940  0.36064925873979981  0.37070871800294014
  0.38060785829487614  0.39052854133739690  0.40053945611587044  0.41049733690755191
  0.42036132924828667  0.43050481965443776  0.44030053641467648  0.44929863946407550
  0.45837724820503162  0.46789595388725636  0.47806452948762135  0.48835933037673351
  0.49834200735908252  0.50775072524024434  0.51656058367459867  0.52522554865927984
  0.53397593258203802  0.54264595463557908  0.55203364820090162  0.56169211077118331
  0.57194016150374327  0.58254961793659188  0.59395235923532164  0.60580611616074120
  0.61729421637599391  0.62869002253319262  0.63991892023864594  0.65104365145030652
  0.66238795128124706  0.67395932778363654  0.68587101451925292  0.69773981983229283
  0.70902061211425427  0.72013388534344114  0.73102974705623713  0.74162918260086308
  0.75223119913884473  0.76235639596920657  0.77168080440829079  0.78132521310820313
  0.79250409101021224  0.80546447394662046  0.81828976671509068  0.83006664018951526
  0.84103555097166283  0.85215401070574248  0.86393332204160833  0.87611127524529919
  0.88782764191890939  0.89950888230039283  0.91184098878429609  0.92511272333281513
  0.93972388878733315  0.95868468960798758  0.97263175829641813  1.00000000000000000
  0.00867826906019292  0.01843919852560073  0.02895843427636371  0.03952857759191356
  0.05107968918312302  0.06252930470321796  0.07420052015798745  0.08525724912842170
  0.09712226616469054  0.10697675927246925  0.11586329121331719  0.12489969954242736
  0.13414449799527953  0.14317298599476860  0.15169301652202519  0.15994394173660600
  0.16948203399203390  0.18047932131792960  0.19136127973451997  0.20214590841815150
  0.21360230619535411  0.22577043178402539  0.23814184916950601  0.25045746290186172
  0.26173569351635056  0.27189827363784463  0.28243624856853911  0.29311929135548109
  0.30389780455111792  0.31507741444283777  0.32527956043829392  0.33520988557080966
  0.34520768057271334  0.35536242951917424  0.36582327154415145  0.37637836296115018
  0.38721025422983418  0.39782954059897269  0.40809554009033128  0.41852598215042047
  0.42932565343127088  0.44048806028006271  0.45111032184242050  0.46187326321368372
  0.47315198147787968  0.48439489565660809  0.49605413938785997  0.50758685426501027
  0.51863027259347860  0.52951270419937024  0.53978820297148689  0.54895546312330645
  0.55742057247799959  0.56579015480475348  0.57538621635873177  0.58621652553015968
  0.59671152221922175  0.60683446142325237  0.61720825217255326  0.62732732025777793
  0.63831348893832696  0.65008735577793619  0.66163938973045600  0.67256328869139537
  0.68322350487715144  0.69421220849849152  0.70529071635423046  0.71583651485777688
  0.72591748934576306  0.73609042835427652  0.74612727181185834  0.75522629824385101
  0.76428307294183684  0.77394647484424173  0.78329962419927457  0.79211680551541175
  0.80096899453222359  0.80992211533779079  0.82074196648737263  0.83231243993898996
  0.84336810475401236  0.85426429593928777  0.86428172126177072  0.87433316279641105
  0.88468709400876466  0.89485573508092464  0.90481482698965277  0.91405052910548756
  0.92410920036783628  0.93473925193585394  0.94534939493695658  0.95562640275053423
  0.96647646080121719  0.97711430676385269  0.98852206721591851  1.00000000000000000
 -0.00355125182165550  0.01153505726269250  0.02375998761091296  0.03472936421949366
  0.04476444447885650  0.05474841289852361  0.06484687254934680  0.07516440816987913
  0.08539205657263962  0.09590627827555427  0.10676900929519967  0.11790919449248748
  0.12893254568483567  0.13958124303454852  0.14994080870128229  0.16034475914320293
  0.17096168477945398  0.18181931032102758  0.19267248467250603  0.20327467016840992
  0.21368020232033968  0.22404896316031450  0.23445644762577589  0.24474667681350742
  0.25562421877311470  0.26613609494655277  0.27526376604551311  0.28461866966394589
  0.29432583405867574  0.30412744532895369  0.31398775317779160  0.32363195321076244
  0.33320980774115394  0.34400020787812230  0.35536476551335816  0.36644812322541964
  0.37731068283646330  0.38837791802396132  0.40003405673919701  0.41208665342273570
  0.42315207311425251  0.43318360785180871  0.44275563707378635  0.45244133901155820
  0.46253315492496283  0.47290219236731651  0.48353511329362836  0.49392281384297243
  0.50405436328734010  0.51365384591307683  0.52317148410268577  0.53254962827679475
  0.54193787008730743  0.55194221276463817  0.56216473247657139  0.57250548560907843
  0.58291655256100139  0.59374547027010027  0.60474169834589830  0.61583449014845992
  0.62712458837220275  0.63833913683608756  0.65008199121766175  0.66130518238482427
  0.67270980568277838  0.68442584442402232  0.69603960279131516  0.70795911222199981
  0.71978378644881746  0.73155833663632042  0.74328999923950645  0.75387317675481813
  0.76374886387849239  0.77347926736873329  0.78281178296308240  0.79246082373273030
  0.80253861216104549  0.81197110142557660  0.82261611834261328  0.83353152838215117
  0.84495851864094507  0.85631976519648689  0.86768454933439021  0.87830393153096042
  0.88813875689653132  0.89757530610806147  0.90729301733317025  0.91822127627621564
  0.92783425560032307  0.93689565954517851  0.94594388768709881  0.95546189985838170
  0.96723294512401736  0.97818790003280276  0.98965684346592475  1.00000000000000000
 -0.00253206796182630  0.00900632452997637  0.02082249061771295  0.03320096857589328
  0.04567397433979446  0.05780385757573261  0.06900805357579927  0.07988762272087112
  0.09135522844356768  0.10287404292191431  0.11377180495895153  0.12423010963411230
  0.13465133998989420  0.14488841318224757  0.15521545720713972  0.16585359402689293
  0.17598841133128246  0.18618203414216414  0.19679001140388952  0.20765082190075942
  0.21827305480408760  0.22917257918867739  0.24043688814031525  0.25208133826817741
  0.26406953341059441  0.27432897082582230  0.28374741626474276  0.29361872380005460
  0.30373628031374122  0.31337016764603909  0.32263877980236927  0.33200770915804684
  0.34275737809149476  0.35360423570389737  0.36419753308334524  0.37446746035315398
  0.38482070957568093  0.39503820427892988  0.40468875858605852  0.41451817051046652
  0.42449888293497651  0.43346809488156401  0.44211858689691830  0.45121616730340225
  0.45936015905740835  0.46949968097895084  0.48037338642183253  0.49172784406735764
  0.50344193148000216  0.51517985655152565  0.52657161582369660  0.53765371641682524
  0.54868344807794511  0.55889178242105930  0.56903215894768633  0.57852672770979541
  0.58830940777535645  0.59871151504075937  0.60960341019213704  0.62097186073192967
  0.63238020643230342  0.64425688794883262  0.65557284444424557  0.66618948308709125
  0.67625268634273328  0.68635187616869830  0.69757397342832872  0.70916272867666352
  0.71978916182547692  0.72980985085945338  0.73971715091025392  0.74973751047619397
  0.76017196679201182  0.77068954248006005  0.78131280366906963  0.79247359121520433
  0.80380918426089665  0.81469532266597544  0.82499618417225673  0.83538039653632890
  0.84611361903492577  0.85652442294747633  0.86604917927448410  0.87489582773979946
  0.88404460998380152  0.89382259312868972  0.90436511856786861  0.91462800911685249
  0.92469650280308635  0.93445581944968703  0.94429247744194722  0.95454892504876732
  0.96529882355590779  0.97648849371230018  0.98754073807507603  1.00000000000000000
 -0.00270244048137906  0.01002206944858823  0.02122246294712562  0.03234600736079830
  0.04416036859928558  0.05603811872781884  0.06735029181697967  0.07811155873078839
  0.08865227876923175  0.09925383735617105  0.11018758789623026  0.12120013176074018
  0.13208703019537604  0.14268316246230398  0.15282531676119354  0.16253903667241099
  0.17211719659164443  0.18213249201790541  0.19239957108643532  0.20242944315124292
  0.21253888768527388  0.22306973756274570  0.23392967022739203  0.24480411206043551
  0.25538599705103993  0.26584004594010141  0.27641787132970697  0.28695320726141260
  0.29744011003561310  0.30805041313552900  0.31891295554732474  0.32989130710829112
  0.34064917995777794  0.35068825810477106  0.36029736962393233  0.36975965224904556
  0.37925623573602607  0.38963828450166427  0.40072557361232058  0.41161427865500871
  0.42216474462196235  0.43255761194232289  0.44314253430353273  0.45385919657518453
  0.46465734861573166  0.47587699448377768  0.48773218031756360  0.49936639657718307
  0.50924867332124346  0.51738469749961824  0.52512829739097400  0.53371990892701970
  0.54368491771487681  0.55397636295708497  0.56410345503229364  0.57567913211081978
  0.58718319804379948  0.59865291922513264  0.60938779718873848  0.62024154107874774
  0.63125295838531770  0.64253141629895050  0.65326650902617345  0.66381736662341206
  0.67468131845591950  0.68558124271828058  0.69657796014957152  0.70770293988471811
  0.71922712261550803  0.73098173495234731  0.74231971809772790  0.75246237241241221
  0.76171832540550211  0.77051258618742524  0.77884494373959601  0.78729508724152431
  0.79610760863632013  0.80505633854791780  0.81431042850709545  0.82444962969568025
  0.83469587677764012  0.84487965924891828  0.85554759820628634  0.86661062130069166
  0.87806491809720566  0.88980366432164326  0.90155048677301663  0.91320346434891819
  0.92502896579567984  0.93702340366559178  0.94864004205043195  0.95913450723315241
  0.96983947982548324  0.98014569561905951  0.98953858623533453  1.00000000000000000
 -0.00171293583641486  0.00712715218510776  0.01695760842212975  0.02704839462703462
  0.03863701633522024  0.05046442103608022  0.06154578311038138  0.07229406965811798
  0.08313599569453428  0.09410901438236970  0.10515605323905655  0.11622480981967986
  0.12733837556650215  0.13859539203788235  0.15032460951283613  0.16270486163469330
  0.17516152087203182  0.18707876943225135  0.19828586211127158  0.20891613369153278
  0.21905133597357843  0.22894322612249215  0.23915247850227714  0.24956704877168809
  0.25972367751276793  0.26976453854461896  0.28004888552137414  0.29059646263758532
  0.30093025836061671  0.31023425352175998  0.31939883313483680  0.32878538007146235
  0.33907352482111319  0.34974460186256134  0.35983661712188458  0.36975884472163534
  0.38025073425963068  0.39079163507144676  0.40157907739725146  0.41183950253087620
  0.42215337614701842  0.43333290261496626  0.44370885879310740  0.45349502289274041
  0.46311087901943676  0.47251107275062015  0.48329088732313108  0.49517931030995227
  0.50555713190400664  0.51506173942821099  0.52537536589467571  0.53579451501500996
  0.54600803217171445  0.55537610180699437  0.56558831283536626  0.57724597923948562
  0.58954083154481607  0.60130775216258425  0.61216234195054886  0.62274782731439615
  0.63329775974647051  0.64383969406196895  0.65417745342846956  0.66466153445074272
  0.67529514986573880  0.68632333632280373  0.69765055612682036  0.70898128435770413
  0.72056205406488294  0.73161860207701557  0.74239590686797696  0.75167955572820555
  0.76065041628485308  0.77056180813788011  0.78135483774519610  0.79256469935294860
  0.80398751463907026  0.81466991710604053  0.82379192793099010  0.83279850964810143
  0.84173831565704649  0.85158590333838369  0.86199383998357493  0.87115774724764050
  0.88138442841488207  0.89258376266527961  0.90300608612616529  0.91353985704123886
  0.92388790259230458  0.93445875114181309  0.94554048724370654  0.95682444942364520
  0.96823273942043808  0.97916423256636065  0.98964061831862038  1.00000000000000000
 -0.00278102161576431  0.01027607008855421  0.02185243461877381  0.03293996915717157
  0.04410034763320782  0.05546456518757872  0.06675149396351668  0.07686470853952773
  0.08627279160612125  0.09572778905315527  0.10542185981241897  0.11538970531720104
  0.12522626917420721  0.13546092468701096  0.14628355708592003  0.15553463566238668
  0.16664484165597365  0.17784649100146166  0.18900758543553786  0.20051871834723625
  0.21206854343019516  0.22308818689214702  0.23387769928148361  0.24417232386695376
  0.25423012462049993  0.26435524403820204  0.27499201451642591  0.28619313317436479
  0.29793918373294526  0.30956716644677745  0.32083835819296014  0.33222852956006294
  0.34382133510011997  0.35517023655971863  0.36609190951421522  0.37680741565407549
  0.38766109708920454  0.39864317235783320  0.40954152475085298  0.42078139075278187
  0.43259101186585280  0.44449435029218892  0.45610639201729303  0.46752419082471508
  0.47920680935815346  0.49117103945612578  0.50266178331740163  0.51280295049284252
  0.52249942882157896  0.53265446554423768  0.54286270132093417  0.55264427890938672
  0.56270648697694214  0.57364031108905622  0.58449077834288510  0.59439454674583814
  0.60395768034481934  0.61385149090899060  0.62432258752628644  0.63585243924023638
  0.64777670625685846  0.65889950118335427  0.66982551463903062  0.68047504370831680
  0.69117388971592419  0.70169231465154991  0.71167748559828581  0.72119617968583871
  0.73095337633188529  0.74114295807450126  0.75239438251872537  0.76273658651213183
  0.77114581651941494  0.78050914797047810  0.79013620387871397  0.80038363389901679
  0.81132398827967078  0.82185123442145491  0.83206960186387613  0.84254634868240208
  0.85303173742866345  0.86334517236262787  0.87376441542798600  0.88464341175278238
  0.89491571893096322  0.90382949620355268  0.91297736659494944  0.92270369736761748
  0.93157846241829256  0.94013891421752671  0.94957543531889044  0.95839653881309239
  0.96945662454557313  0.98006343194091072  0.99005312297954795  1.00000000000000000
 -0.00172462214630872  0.00773205385147871  0.01727231940141038  0.02653652055649982
  0.03704047270248920  0.04727769704944534  0.05813808353440673  0.06904104963893271
  0.07997553901553256  0.09065542830362427  0.10026525354795043  0.11051765249872217
  0.12100515351604896  0.13148469668080365  0.14219250204677378  0.15278362291083450
  0.16297733307311418  0.17285902290525240  0.18301098607776983  0.19365694818367152
  0.20537780266401487  0.21684215882649122  0.22844416381901964  0.23867830450895422
  0.24927320771747402  0.25983820212877901  0.27109433632847935  0.28262276759721261
  0.29390143436844118  0.30524176299628147  0.31684902461064757  0.32857571183010820
  0.34028443359837396  0.35182318712485394  0.36316674972703433  0.37416293153351410
  0.38474181521447443  0.39528673358476107  0.40589227179903037  0.41628543444420063
  0.42654662483066019  0.43674838291605667  0.44634835967314551  0.45565543404922615
  0.46537259332671349  0.47556592215626059  0.48585391134355388  0.49649461979968562
  0.50841220421635192  0.52055756022030053  0.53033143540050032  0.53913289521040009
  0.54833488449293588  0.55755759026616292  0.56659886466412379  0.57566979722101042
  0.58560224703072050  0.59628421968335454  0.60736275595791245  0.61690671480607984
  0.62579611325730811  0.63507492002286559  0.64412746913711616  0.65358257609301018
  0.66385887390685572  0.67454231276256571  0.68540590197250906  0.69638079038911338
  0.70773331073551615  0.71956751190586732  0.73100713718937427  0.74370355064674021
  0.75507403236267023  0.76555248567630652  0.77577420727920265  0.78582967624756728
  0.79607873265774465  0.80743873937078303  0.81959780649831571  0.83134251772901757
  0.84231116348817658  0.85248933735312649  0.86313903192128305  0.87410080556841874
  0.88518156214633448  0.89608201930844444  0.90664366060075119  0.91673061763627439
  0.92636927663752000  0.93635794671928574  0.94789050867714209  0.95927909557035052
  0.96956511214882879  0.97936097199779026  0.98915966542692679  1.00000000000000000
 -0.00210318986625549  0.00855483040864664  0.01928631300652858  0.03011970180334133
  0.04169298856012803  0.05418065672278048  0.06682564244532756  0.07859256204643962
  0.08951246289147453  0.10003087654009694  0.11051290751242528  0.12141982299610730
  0.13225370320905114  0.14313514978579989  0.15351960362179598  0.16355862768604232
  0.17325587631968578  0.18323898744172240  0.19404253264826124  0.20561504953856025
  0.21762545368040434  0.22935614137731958  0.24001955569962879  0.25012003848998271
  0.26032752766016715  0.27093903081972454  0.28159634541779671  0.29191549058603777
  0.30219087533022182  0.31276868854381001  0.32369673005859328  0.33474458613545549
  0.34588313920494473  0.35682410787245955  0.36718900619200856  0.37760469934605218
  0.38820623160065260  0.39828228285970002  0.40767929996239710  0.41716720686840120
  0.42720949001573105  0.43727206075467900  0.44714354076028823  0.45725646422191379
  0.46778279389039124  0.47830117036851000  0.48810426813868640  0.49797322722164555
  0.50904064653866488  0.52083119133167777  0.53223318742284920  0.54283462847288899
  0.55348685670818909  0.56403572013179870  0.57441284579768959  0.58477833946012547
  0.59541590539043721  0.60632067928386635  0.61748763098159354  0.62877734974503641
  0.64013136546515803  0.65170266710524216  0.66314039216881937  0.67421833898898809
  0.68512911684629629  0.69602729005519159  0.70628674753284326  0.71561062479832971
  0.72475938101819759  0.73397316632253484  0.74340672748111658  0.75364999683156098
  0.76424448259945554  0.77419671891428299  0.78406113828127133  0.79385514835470417
  0.80277800673232536  0.81204072032028463  0.82145669110904274  0.83063109422768933
  0.84060276245298515  0.85166709939963248  0.86197570291276515  0.87183689448089285
  0.88271720710750612  0.89402902691605979  0.90546876532572906  0.91760317855524343
  0.92726416699802816  0.93695679335096105  0.94688590048660404  0.95720690016001242
  0.96817686985337859  0.97822851124151922  0.98871058864404981  1.00000000000000000
 -0.00266870626250646  0.00955528240387265  0.02111762015137132  0.03211639058581065
  0.04318898450270631  0.05450248926047457  0.06575103805348612  0.07657656415716224
  0.08721926315436745  0.09808845975724678  0.10901659847132615  0.11932481691158653
  0.12885628145955566  0.13836778410456124  0.14778605480721432  0.15764334463182741
  0.16838064733255312  0.17977077915934389  0.18975567048194367  0.19872215938603502
  0.20784455805944610  0.21670423419644322  0.22567633134946483  0.23476866624632337
  0.24385029737928110  0.25289404048549752  0.26241165683544176  0.27234098613044883
  0.28229887732779124  0.29199129231179866  0.30179675064518019  0.31219424965204745
  0.32290719804477130  0.33328066678655410  0.34329169613590987  0.35351410191713306
  0.36424641559463905  0.37552654262211455  0.38724996581059190  0.39910783849677006
  0.41093274885408426  0.42271963217393582  0.43464239935473925  0.44703040949460909
  0.45889669931514054  0.46841783952023103  0.47834614621734162  0.48829393438127050
  0.49829614638765241  0.50803643463095471  0.51732917864026529  0.52757088803283958
  0.53947651913957573  0.55134105802605382  0.56330203416520030  0.57594711686598576
  0.58762251823035350  0.59869364001200243  0.60945872406533819  0.62053440602355969
  0.63157776514186503  0.64249225258839182  0.65355852005019732  0.66489262279950156
  0.67531373880117840  0.68453764080543389  0.69380632100878314  0.70326051872586415
  0.71252831026116714  0.72328981970505635  0.73523366464226481  0.74667122983282463
  0.75862657473623107  0.76970306291622737  0.77961734767828461  0.78876754584900610
  0.79754877555008019  0.80626581546748555  0.81613869849258980  0.82655896706793253
  0.83634695939014725  0.84589376669533767  0.85606197475119394  0.86641391158887437
  0.87669933766397790  0.88690338322993023  0.89732412488382485  0.90772005242399167
  0.91852225766617968  0.92973991470303319  0.94144467144518640  0.95322787214764748
  0.96496091364371295  0.97671873182881586  0.98829356583562622  1.00000000000000000
 -0.00243340445752293  0.00883254636467851  0.01970714505207519  0.03044899016925364
  0.04135404683280641  0.05219518427400453  0.06304359813348837  0.07376029248482559
  0.08457917292952596  0.09537963972357945  0.10545359893205024  0.11454438224607948
  0.12410382742039797  0.13382373786619470  0.14306200219687973  0.15178528797852683
  0.16018382892643973  0.16915499881505613  0.17940583773360025  0.19024264935649171
  0.20102783029733101  0.21188592411350698  0.22297778668601828  0.23442842002829348
  0.24607389066879093  0.25677742135810167  0.26629847793396039  0.27583247814408651
  0.28572704217946360  0.29599776642962006  0.30604799545075401  0.31602472323025904
  0.32604514093336728  0.33592812806410516  0.34601430637432523  0.35689029446755371
  0.36886023689806124  0.38118198261369318  0.39269314835851554  0.40404068310746677
  0.41517882230324121  0.42681298571666837  0.43909331700948173  0.45149823082562640
  0.46240222451308127  0.47267332518712984  0.48316761455028057  0.49335847806761407
  0.50314846447038164  0.51397734709876186  0.52560240061053654  0.53731953705130464
  0.54874505625921710  0.56004699082055287  0.57147967505941266  0.58255553598669718
  0.59326082621863985  0.60383832371426871  0.61413803180633797  0.62425214583149458
  0.63503418241579390  0.64612681022681884  0.65668558960503676  0.66671321046555032
  0.67684010807721284  0.68743995459494511  0.69834710133000755  0.70973335958280603
  0.72132190792699868  0.73289531515991668  0.74421191653271268  0.75481647328947676
  0.76482838125846031  0.77506266639017929  0.78607727799812011  0.79747299264917282
  0.80883584801781894  0.81994827528540370  0.83086718951049177  0.84172197689774764
  0.85264160349295126  0.86350469851808931  0.87406579592261457  0.88428376947017906
  0.89444563917748132  0.90517001830067012  0.91617288945393915  0.92657194163588652
  0.93644047621087767  0.94580746765301726  0.95465214645113305  0.96357079517836519
  0.97304350191795475  0.98213876355161045  0.99067081702037385  1.00000000000000000
 -0.00244495789789151  0.00907043097910780  0.01952236594063773  0.02962466965966785
  0.04091336223399585  0.05184262250626410  0.06218493338929925  0.07181617562417320
  0.08171862531872894  0.09207035983544690  0.10231384406459311  0.11209564571255119
  0.12206368871903013  0.13246304604297307  0.14227714289985832  0.15201732333830342
  0.16177014333475803  0.17169828081310637  0.18228123454265871  0.19333121088995384
  0.20512755471624056  0.21583634517455577  0.22681395326141859  0.23822725526919539
  0.24755840893670858  0.25662360416847563  0.26519555900033059  0.27515735678114239
  0.28671534551971078  0.29831354738740085  0.30979681447615104  0.32112576753411826
  0.33276436628517930  0.34459437493319928  0.35620276003467305  0.36758773943673723
  0.37867479814442523  0.38853155771279640  0.39741384632899790  0.40663855389901343
  0.41543572012937674  0.42639454800264154  0.43800048389956447  0.44969145439220826
  0.46092266316446739  0.47137942807041927  0.48211435541804470  0.49269712590581055
  0.50282502033938392  0.51269372918879219  0.52321394655506825  0.53407249240593502
  0.54510754684718221  0.55653725788878616  0.56808427640066361  0.57966179371707471
  0.59126877378134246  0.60222131701181114  0.61190489895193323  0.62104925987340820
  0.63089116932834688  0.64147980308406105  0.65163594951542647  0.66149260990900638
  0.67172844797707643  0.68352721703081254  0.69392914266127004  0.70325268444700129
  0.71248950179965109  0.72219488317273572  0.73253602656272598  0.74300723384973577
  0.75414814495821036  0.76602523219922602  0.77835477092424232  0.78997554425998806
  0.80020538926874241  0.81025492655996378  0.81997335776228997  0.82946472284973449
  0.83868240985753761  0.84803384748735122  0.85749205493868119  0.86694828207425212
  0.87698647395660423  0.88712379380101636  0.89698669734603886  0.90757637513193001
  0.91851847369708217  0.92956750823171774  0.94064406079383334  0.95196048704643732
  0.96341971096829482  0.97517492272433204  0.98757465191057048  1.00000000000000000
 -0.00176176302422695  0.00700329154619908  0.01730954945149091  0.02675567024990907
  0.03642012388977663  0.04587731274089826  0.05617945450393839  0.06693368516935630
  0.07816798090877289  0.08919092853283889  0.09907113428819292  0.10867524318958825
  0.11842245115851804  0.12891576292223800  0.13930189982186955  0.15016151943859785
  0.16068448011299838  0.17162962434749246  0.18241551793267552  0.19228553113987346
  0.20201712221921256  0.21187354478765708  0.22137188712633510  0.23072707301185752
  0.23969162988662435  0.24901721358031093  0.25972814534490235  0.27083090056703912
  0.28156272987151676  0.29190982446528096  0.30218435478317091  0.31280815003912704
  0.32377134817738096  0.33498573916194829  0.34643876354420056  0.35801838044103601
  0.36983227754131792  0.38178906332488644  0.39341488329302260  0.40457380895359402
  0.41561310083746350  0.42664601993422036  0.43776957014678153  0.44888360673628397
  0.45934030162210382  0.46946431351384760  0.47848827233330005  0.48714909688055619
  0.49603724679940664  0.50644423178145848  0.51762882161813184  0.52933187629716316
  0.54159426855840742  0.55356522080731529  0.56436794674080282  0.57418346747761251
  0.58404944821256066  0.59443869266875105  0.60476001709972393  0.61464912998614896
  0.62464129870873364  0.63537447602279795  0.64701600456998243  0.65929513376238791
  0.67188796422562069  0.68410540617970739  0.69626297055232500  0.70838240421170984
  0.72036002383459796  0.73256811785475229  0.74442043898702448  0.75468758061086649
  0.76411508749597734  0.77345534553065498  0.78278208146853212  0.79281617957495265
  0.80342149403807817  0.81401385448931929  0.82427222948581347  0.83474794866356605
  0.84551892001367146  0.85612867595861020  0.86639414299974316  0.87677283190930055
  0.88711630229666405  0.89761635348931701  0.90813246378724799  0.91908738510277455
  0.93027801896706763  0.94044086951713135  0.94996581393740021  0.95921487731108945
  0.96943829061056574  0.97958861625412785  0.98999251009160949  1.00000000000000000
 -0.00214552060522933  0.00850370937655191  0.01846049435937396  0.02849325652217739
  0.03944004147573169  0.05031566661356405  0.06123854422235894  0.07199389614165433
  0.08274894457929315  0.09380930457204449  0.10518203571194593  0.11676749445701648
  0.12786510561102718  0.13895096207077073  0.15001365626562210  0.16102644376362601
  0.17233470155329622  0.18361096108384467  0.19494279174215254  0.20632928494050376
  0.21760506784127376  0.22838050885028888  0.23819425748173922  0.24773444590028137
  0.25759963163049343  0.26747994446939943  0.27706730450279932  0.28689143252325622
  0.29774279587460106  0.30838833521728787  0.31764094477491489  0.32638114604315449
  0.33539093177636276  0.34472997455622167  0.35366248223505808  0.36246135311080430
  0.37121601317005432  0.38086204584861150  0.39091617784214622  0.40112771298622235
  0.41192355676249148  0.42299949452905150  0.43365139313773271  0.44403865423534433
  0.45457396138164546  0.46566713558706513  0.47721298414921576  0.48850062534604072
  0.49868260496622230  0.50823919453024391  0.51810160109871617  0.52849967742587567
  0.53914544729196945  0.54950907123338910  0.55967641626073217  0.57015861071707152
  0.58117311163642116  0.59307840119603716  0.60536455302518422  0.61710806858598621
  0.62878209931646101  0.63908975148039338  0.64988441045801604  0.66131836087056384
  0.67247289965497470  0.68193581209009713  0.69159536681999845  0.70170466198522974
  0.71253224255221514  0.72357793050564456  0.73474018495555937  0.74516746923232335
  0.75566557366665466  0.76663622907965689  0.77743602701585679  0.78807368369349340
  0.79837191802601948  0.80882703718286475  0.82017956465377329  0.83185081355402679
  0.84347255711916758  0.85462374208178837  0.86477375446202265  0.87463007643706658
  0.88455161675151739  0.89497973043617862  0.90596543418605846  0.91762809103986331
  0.92807978852553552  0.93812577140250508  0.94715159193334397  0.95802451260204891
  0.96832202257823652  0.97906867436346412  0.98954417887880242  1.00000000000000000
 -0.00213014619313683  0.00832394615195993  0.01817385937863709  0.02872642959611889
  0.03990519884215218  0.05072904902273952  0.06113629792732263  0.07140205887488163
  0.08164096767724960  0.09236666085538724  0.10351521232504481  0.11550671128759060
  0.12777857273431753  0.13981275445191393  0.15153002855395972  0.16293945214695402
  0.17416161984450601  0.18564911416421712  0.19762656302437873  0.20951581980478817
  0.22076602633808035  0.23150331510797120  0.24216191844203061  0.25325940122959828
  0.26472087837953001  0.27635289527800239  0.28766597785257464  0.29855133115693849
  0.30931562725827605  0.32016030034928233  0.33143289997052927  0.34329599305444486
  0.35486694992419410  0.36559157583193352  0.37631563391716233  0.38705825807017613
  0.39761457135729206  0.40757281587729377  0.41804203678189517  0.42910842832431434
  0.44022862804150592  0.45109712784592854  0.46192538431493529  0.47302477966141504
  0.48404136020573946  0.49431548145289883  0.50420680262974571  0.51475057877315933
  0.52646552616242737  0.53889103732408483  0.55045274586827719  0.56059745682971429
  0.56894155367736232  0.57732104779819449  0.58641017075690116  0.59573347176920211
  0.60460501117393106  0.61337826046612343  0.62272116316152759  0.63217536157422560
  0.64117206411058580  0.64999042955131614  0.65848342597662823  0.66761821513493647
  0.67629405141022192  0.68366324332602713  0.69114719637392852  0.70081326700277069
  0.71047792652541630  0.72009698348138140  0.73009244219960001  0.74036660815800903
  0.75143393617967003  0.76241016322093091  0.77219573448524770  0.78169428327721657
  0.79117235553963339  0.80147078098200886  0.81233593964128425  0.82278801861468698
  0.83292258819533571  0.84298406007314608  0.85345883063474692  0.86508172134280181
  0.87765155410178619  0.88956121249783249  0.90119425361228112  0.91219042000502659
  0.92334001195980142  0.93441929812657853  0.94544637421382638  0.95648777939893825
  0.96746794613178899  0.97832294890121241  0.98914138810441021  1.00000000000000000
 -0.00313543421969844  0.01093460013878621  0.02266265008749815  0.03339042787917491
  0.04410687042102301  0.05501651498410805  0.06572005488783525  0.07622778332562086
  0.08718825449004129  0.09879048076270096  0.11043169809334068  0.12142323212248705
  0.13137704426135025  0.14123930714993185  0.15108160953570110  0.16117772739767638
  0.17099676441876677  0.17978813104743929  0.18905988031318860  0.19865038064652119
  0.20777748086364251  0.21713302300926501  0.22685439749420855  0.23772870415362718
  0.24830776747667399  0.25879973863781208  0.26954075187299287  0.28019381084990930
  0.29104651545274746  0.30302242545610480  0.31445176351733262  0.32537995908231626
  0.33676395518422747  0.34756091227221991  0.35862694625015495  0.36936481485296763
  0.38019968403746890  0.39089949770500670  0.40120980334787720  0.41190158147817224
  0.42343567331836540  0.43468850001283293  0.44507872952103900  0.45508818752501340
  0.46459447593063508  0.47366760039496036  0.48264073917204608  0.49122482813528462
  0.50016561649433422  0.50962487639811538  0.51949351564776403  0.53064124077430430
  0.54281984958108276  0.55484880446548801  0.56644111370904393  0.57779899921240729
  0.58902659638994603  0.59945988515016757  0.60928921847888950  0.61967242648643173
  0.63003220412211569  0.63957359436180505  0.65015762588933279  0.66185608856067435
  0.67299959840854184  0.68386567888826810  0.69457265091807885  0.70526220079396185
  0.71533622172481603  0.72481627709178331  0.73521761000400787  0.74644004662413321
  0.75594935063387569  0.76598412796636295  0.77594090552666006  0.78648123906301382
  0.79723065823064232  0.80798022588306950  0.81834119840787478  0.82813607752294216
  0.83875878095290646  0.84949568001934783  0.86070275309276822  0.87189795790373870
  0.88404301728982504  0.89613206948905177  0.90815006982560287  0.91916556476830635
  0.92965857448123779  0.94022365996654533  0.95057941630567633  0.96079844674190884
  0.97069794488319272  0.98042097570704045  0.99033778844114784  1.00000000000000000
  0.00870927451441395  0.01859781028062432  0.02966903555596290  0.03980763947463592
  0.04941474549844518  0.05920605615345542  0.06960811589260012  0.07987243150771350
  0.08938614927495107  0.09889469089485502  0.10959187128706530  0.12120551672416427
  0.13243975216855902  0.14305692061198971  0.15339728337768915  0.16387975383312250
  0.17558591158471920  0.18802381516497471  0.20042979039519015  0.21274459890082673
  0.22420148757607669  0.23403054972087284  0.24273044678496344  0.25142154321659388
  0.26001339591850675  0.26834618230253371  0.27658838906562194  0.28493757115654444
  0.29308477613871753  0.30149695080357158  0.31017999636954657  0.32034034957862978
  0.33152320158631560  0.34279640388594701  0.35368532639858469  0.36405863275589262
  0.37411501774688216  0.38420267524924506  0.39463956780899001  0.40500250103486080
  0.41462766677835478  0.42380494295399390  0.43296344102299605  0.44227702306288874
  0.45197189514932146  0.46208060066975232  0.47300933556946639  0.48436280913498159
  0.49578911157541145  0.50708466789325113  0.51804265263428184  0.52788355681977184
  0.53622172520215972  0.54408140458665355  0.55289839317759404  0.56305282130332712
  0.57457262439286216  0.58534953460916372  0.59585747603035499  0.60576004105078241
  0.61526316408382253  0.62527801376690384  0.63577793583684539  0.64639631107342721
  0.65666202535457752  0.66631089416059985  0.67612581864231436  0.68619095388523643
  0.69672808212803050  0.70734449122534271  0.71862283762582735  0.73014117153794889
  0.74205697848841268  0.75408780411649379  0.76575248537133811  0.77687335218337028
  0.78752278383746877  0.79796046785183805  0.80853792111594747  0.81912133995920067
  0.82993052580102100  0.84106307049315820  0.85223806758113074  0.86337409143944777
  0.87465512022845282  0.88632526873785411  0.89840003509174515  0.91057980368278912
  0.92255438700173220  0.93447916842747736  0.94615334480687519  0.95697619481777341
  0.96763461795771544  0.97812817138836683  0.98891422347246438  1.00000000000000000
 -0.03911277589619101  0.17310438855761739  0.22467483163423169  0.25330460066946187
  0.27276335115826750  0.28747359502372394  0.29970262305041290  0.31058564060555299
  0.32065253695765039  0.32991824506353662  0.33827644009809360  0.34595187500713898
  0.35309728156640591  0.35963489414468991  0.36562965176278922  0.37144257770230782
  0.37726666090708683  0.38296546940988097  0.38840127866665114  0.39356388058910402
  0.39838188332925734  0.40270660503875028  0.40673492703369996  0.41085991995612997
  0.41504123633055034  0.41937872738510301  0.42372251847998588  0.42775172700238306
  0.43179799092622856  0.43578544171749184  0.43943299820486187  0.44304411938685168
  0.44651641769614947  0.44990106929043111  0.45341731852769157  0.45676568628868752
  0.46054701997399278  0.46459982338133654  0.46871321549223477  0.47278712439454817
  0.47678073412348049  0.48072995311632938  0.48462727931164951  0.48834549923644283
  0.49178627128753560  0.49517821771789194  0.49867114042861682  0.50184150767583913
  0.50487186162145192  0.50824533059324228  0.51151245986562000  0.51468896197116787
  0.51781674383924192  0.52093802986638393  0.52404046366509349  0.52719992191850873
  0.53049111974567686  0.53397209046682936  0.53752760977039815  0.54099648659110022
  0.54433566476046402  0.54761910190781449  0.55090717741095530  0.55425931599757139
  0.55776920206413871  0.56151358288651521  0.56548641515788878  0.56956257415523448
  0.57364713908238085  0.57777266072633304  0.58211989998239821  0.58674321930903572
  0.59143540660707494  0.59611380596931085  0.60076519504377646  0.60529500890626831
  0.60994691091186393  0.61481692860720993  0.61995826331379977  0.62518389338129066
  0.63048467902648964  0.63608274303196810  0.64208013376334094  0.64880808726255157
  0.65583847371869353  0.66280178262250755  0.66993786150229861  0.67761923397914381
  0.68675645082841152  0.69766585695514827  0.70986081964298586  0.72387619701334671
  0.74279041073879637  0.76988831524253298  0.81667802265307454  1.00000000000000000
   2.1478570218261869E-009  -1.0000000000000000     
 T F F F F F F F F F F F F F F F F F F F F F F F F F F F F F F F F F F F F F F F F F F F F F F F F F F F F F F F F F F F F F F F F F F F F F F F F F F F F F F F F F F F F F F F F F F F F F F F F F F F F F F F F F F F F F F F F F F F F F F F F F F F F F F F F F F F F F F F F F F F F F F F F F F F F F F F F F F F F F F F F F F F F F F F F F F F F F F F F F F F F F F F F F F F F F F F F F F F F F F F F F F F F F F F F F F F F F F F F F F F F F F F F F F F F F F F F F F F F F F F F F F F F F F F F F F F F F F F F F F F F F F F F F F F F F F F F F F F F F F F F F F F F F F F F F F F F F F F F F F F F F F F F F F F F F F F F F F F F F F F F F F F F F F F F F F F F F F F F F F F F F F F F F F F F F F F F F F F F F F F F F F F F F F F F F F F F F F F F F F F F F F F F F F F F F F F F F F F F F F F F F F F F F F F F F F F F F F F F F F F F F F F F F F F F F F F F F F F F F F F F F F F F F F F F F F F F F F F F F F F F F F F F F F F F F F F F F F F F F F F F F F F F F F F F F F F F F F F F F F F F F F F F F F F F F F F F F F F F F F F F F F F F F F F F F F F F F F F F F F F F F F F F F F F F F F F F F F F F F F F F F F F F F F F F F F F F F F F F F F F F F F F F F F F F F F F F F F F F F F F F F F F F F F F F F F F F F F F F F F F F F F F F F F F F F F F F F F F F F F F F F F F F F F F F F F F F F F F F F F F F F F F F F F F F F F F F F F F F F F F F F F F F F F F F F F F F F F F F F F F F F F F F F F F F F F F F F F F F F F F F F F F F F F F F F F F F F F F F F F F F F F F F F F F F F F F F F F F F F F F F F F F F F F F T F F F F F F F F F F F F F F F F F F F F F F F F F F F F F F F F F F F F F F F F F F F F F F F F F F F F F F F F F F F F F F F F F F F F F F F F F F F F F F F F F F F F F F F F F F F F F F F F F F F F F F F F F F F F F F F F F F F F F F F F F F F F F F F F F F F F F F F F F F F F F F F F F F F F F F F F F F F F F F F F F F F F F F F F F F F F F F F F F F F F F F F F F F F F F F F F F F F F F F F F F F F F F F F F F F F F F F F F F F F F F F F F F F F F F F F F F F F F F F F F F F F F F F F F F F F F F F F F F F F F F F F F F F F F F F F F F F F F F F F F F F F F F F F F F F F F F F F F F F F F F F F F F F F F F F F F F F F F F F F F F F F F F F F F F F F F F F F F F F F F F F F F F F F F F F F F F F F F F F F F F F F F F F F F F F F F F F F F F F F F F F F F F F F F F F F F F F F F F F F F F F F F F F F F F F F F F F F F F F F F F F F F F F F F F F F F F F F F F F F F F F F F F F F F F F F F F F F F F F F F F F F F F F F F F F F F F F F F F F F F F F F F F F F F F F F F F F F F F F F F F F F F F F F F F F F F F F F F F F F F F F F F F F F F F F F F F F F F F F F F F F F F F F F F F F F F F F F F F F F F F F F F F F F F F F F F F F F F F F F F F F F F F F F F F F F F F F F F F F F F F F F F F F F F F F F F F F F F F F F F F F F F F F F F F F F F F F F F F F F F F F F F F F F F F F F F F F F F F F F F F F F F F F F F F F F F F F F F F F F F F F F F F F F F F F F F F F F F F F F F F F F F F F F F F F F F F F F F F F F F F F F F F F F F F F F F F F F F F F F F F F F F F F F F F F F F F F F F F F F F F F F F F F F F F F F F F F F F F F F F F F F F F F F F F F F F F F F F F F F F F F F F F F F F F F F F F F F F F F F F F F F F F F F F F F F F F F F F F F F F F F F F F F F F F F F F F F F F F F F F F F F F F F F F F F F F F F F F F F F F F F F F F F F F F F F F F F F F F F F F F F F F F F F F F F F F F F F F F F F F F F F F F F F F F F F F F F F F F F F F F F F F F F F F F F F F F F F F F F F F F F F F F F F F F F F F F F F F F F F F F F F F F F F F F F F F F F F F F F F F F F F F F F F F F F F F F F F F F F F F F F F F F F F F F F F F F F F F F F F F F F F F F F F F F F F F F F F F F F F F F F F F F F F F F F F F F F F F F F F F F F F F F F F F F F F F F F F F F F F F F F F F F F F F F F F F F F F F F F F F F F F F F F F F F F F F F F F F F F F F F F F F F F F F F F F F F F F F F F F F F F F F F F F F F F F F F F F F F F F F F F F F F F F F F F F F F F F F F F F F F F F F F F F F F F F F F F F F F F F F F F F F F F F F F F F F F F F F F F F F F F F F F F F F F F F F F F F F F F F F F F F F F F F F F F F F F F F F F F F
  <DiscreteSampler_grid>
  grouped_processes
  1 # 1 for a reference and 2 for a running grid.
  10 # Attribute 'min_bin_probing_points' of the grid.
  1 # Attribute 'grid_mode' of the grid. 1=='default',2=='initialization'
  0.0000000000000000 # Attribute 'small_contrib_threshold' of the grid.
  0.5000000000000000 # Attribute 'damping_power' of the grid.
 # binID   n_entries weight   weight_sqr   abs_weight
    37   10   5.935724755554905E+013   1.181421941591976E+028   5.935724755554905E+013
    40   10   6.343888408000985E+012   1.349486654282466E+026   6.343888408000985E+012
    43   10   6.343888408000968E+012   1.349486654282464E+026   6.343888408000968E+012
    46   10   3.390059494883633E+011   3.853649077383332E+023   3.390059494883633E+011
    49   10   1.695029747441780E+011   9.634122693457966E+022   1.695029747441780E+011
    52   10   3.390059494883550E+011   3.853649077383177E+023   3.390059494883550E+011
    55   10   1.811586623175141E+010   1.100463732967633E+021   1.811586623175141E+010
    58   10   1.695029747441841E+011   9.634122693458783E+022   1.695029747441841E+011
    61   10   1.811586623175211E+010   1.100463732967729E+021   1.811586623175211E+010
    64   10   4.840396014023421E+008   7.856322690904969E+017   4.840396014023421E+008
  </DiscreteSampler_grid>
