  0.02474416643681102  0.03006715534483528  0.03671282255140042  0.04318488154320054
  0.05044827634332667  0.05737366222901742  0.06515453153251177  0.07323619169408564
  0.08152629616968804  0.09009597380491402  0.09886833077582821  0.10781997607885845
  0.11692333494985727  0.12630456427877892  0.13581453279114228  0.14532809063409588
  0.15481145932098123  0.16438036851718993  0.17403837505583089  0.18398273886795813
  0.19414346846816966  0.20402706956430147  0.21314737713382501  0.22181668930451851
  0.23058840774165137  0.23960147176119431  0.24925800045161300  0.25928103564975102
  0.26927219956909082  0.27888384841158848  0.28808347339278267  0.29681505831668742
  0.30544271738027151  0.31444472847905469  0.32345367202442610  0.33234459475738165
  0.34135196081068825  0.35070508213807294  0.36098608942357807  0.37171288378310247
  0.38267426667997723  0.39375166822942786  0.40517001148499493  0.41690568326584188
  0.42872676698493767  0.44015919361722722  0.45093141191235497  0.46089065746587515
  0.47008626707886231  0.47947013961039675  0.48869390036208260  0.49756270273988346
  0.50637604110035916  0.51516519783479486  0.52448181837054331  0.53491405252632351
  0.54557907670057326  0.55567433988378800  0.56537392146538601  0.57533772659597504
  0.58583952233405079  0.59685140300044048  0.60734172665208686  0.61772209135532308
  0.62840411905699389  0.63932393782254182  0.65033188300649147  0.66187106126190431
  0.67328330276428849  0.68456902045774037  0.69568537186373869  0.70661178606677932
  0.71701771153342397  0.72732077965242148  0.73670831941323955  0.74662006447350659
  0.75662116370857146  0.76593115095430264  0.77571413000168055  0.78509236491761025
  0.79499357672555515  0.80620016035272246  0.81740970486189490  0.82984433111876976
  0.84306323570750996  0.85608188468037050  0.86875774254512550  0.88044686501781244
  0.89168512513979026  0.90320965522118579  0.91453830400825020  0.92694188263623134
  0.94064908022403682  0.95798512660157775  0.97304583402362166  1.00000000000000000
 -0.00000001202250251  0.00000008148494853  0.00000020931056483  0.00000034553205713
  0.00000048671781862  0.00000063893399505  0.00000079154594842  0.00000095247267526
  0.00000112276786432  0.00000129731713322  0.00000147016897698  0.00000163513220003
  0.00000179430698284  0.00000196021129572  0.00000212770302442  0.00000229215135696
  0.00000245160221105  0.00000261290331981  0.00000277166734444  0.00000292561418305
  0.00000307713662419  0.00000322310995658  0.00000336033974311  0.00000349873899211
  0.00000364082321994  0.00000378677070677  0.00000394112341479  0.00000409983627813
  0.00000425170201279  0.00000440794389241  0.00000456768728332  0.00000472746521828
  0.00000488498662891  0.00000504059441765  0.00000519612427874  0.00000535028652521
  0.00000550305805107  0.00000565561628271  0.00000580715999103  0.00000595852661707
  0.00000611099814399  0.00000626291006797  0.00000641664252935  0.00000657300344885
  0.00000672210053884  0.00000686998860045  0.00000702731499381  0.00000719171705787
  0.00000736061880210  0.00000752977838027  0.00000770159090044  0.00000787807959950
  0.00000805585935968  0.00000823203708739  0.00000840699500368  0.00000858229110257
  0.00000875854385499  0.00000893387997171  0.00000910453595585  0.00000927894968108
  0.00000945697207393  0.00000963993303006  0.00000982662060191  0.00001000956924691
  0.00001019343940808  0.00001038466401184  0.00001056865611123  0.00001074223903414
  0.00001092602948408  0.00001113524138833  0.00001136156980487  0.00001158870662473
  0.00001181645643301  0.00001205654477461  0.00001230184190234  0.00001251969352029
  0.00001271412506601  0.00001292281157085  0.00001316075018245  0.00001339500591593
  0.00001360272778385  0.00001381705356877  0.00001404154351373  0.00001427402933804
  0.00001442906255153  0.00001457801424422  0.00001471489491870  0.00001487522550197
  0.00001506945774579  0.00001523605271089  0.00001542098752031  0.00001562448353678
  0.00001588159832872  0.00001620911779498  0.00001655144966098  1.00000000000000000
  0.00894614703030857  0.01791335224152630  0.02671530076557191  0.03728271654005269
  0.04814196953108601  0.05957445351906261  0.07143016719239129  0.08452442953972093
  0.09617019499745089  0.10751391046760717  0.11847613799695300  0.12898727689306261
  0.13862001400591281  0.14777808676062132  0.15698234588633900  0.16635361398947576
  0.17661999546364671  0.18738144989679442  0.19757971190995180  0.20753086520052516
  0.21719926187229252  0.22737975233398400  0.23830189843599864  0.24905121642089639
  0.25896749465732305  0.26874127005504944  0.27843883860198476  0.28791899832737822
  0.29673307991624476  0.30597769249203849  0.31614898709371936  0.32691295194390924
  0.33748476994783594  0.34819646144361999  0.35965790765794664  0.37190161487577278
  0.38403797827038211  0.39550270643530344  0.40668603709873713  0.41769590225950021
  0.42839241527071742  0.43914894700895751  0.44988114851831257  0.46061787949857302
  0.47144081324337966  0.48235449113591222  0.49349510795339602  0.50408105228761813
  0.51426679784658424  0.52401053538051190  0.53326028187569663  0.54322440740539268
  0.55400092312187899  0.56511088986013724  0.57558944465566486  0.58607189396218862
  0.59627796844359282  0.60753197004782400  0.61981457176070964  0.63218926813518905
  0.64442474799144445  0.65646317937316701  0.66810577325117737  0.67938491538992518
  0.69036437492258640  0.70084170454951922  0.71062016474174883  0.71956917619656857
  0.72821975605049483  0.73763402000069134  0.74775442328168240  0.75788871730424012
  0.76762300687892659  0.77718402195217640  0.78697193525099873  0.79712404752075050
  0.80757063472208157  0.81789732310732277  0.82843397162392174  0.83978400923876384
  0.85127210772124229  0.86259924102005114  0.87359510030169774  0.88459996076474812
  0.89581541457438985  0.90696310163866889  0.91754259396347715  0.92727177911398262
  0.93661758597831690  0.94634723368087015  0.95609031906732211  0.96517380373695605
  0.97390166320229299  0.98248387309569929  0.99098258422241325  1.00000000000000000
 -0.00000001167922837  0.00000008152630979  0.00000019716044512  0.00000032789352710
  0.00000045890325763  0.00000060402498604  0.00000075555360173  0.00000089762189752
  0.00000104406787124  0.00000121023283039  0.00000137435459482  0.00000151982982616
  0.00000165642235405  0.00000179120994512  0.00000194800461299  0.00000210036472913
  0.00000224343313772  0.00000238633853425  0.00000252698399432  0.00000267419260762
  0.00000282898747988  0.00000298027123854  0.00000312718663889  0.00000327776869632
  0.00000342792176714  0.00000358009501083  0.00000374131037858  0.00000390621001558
  0.00000406870490311  0.00000422882058027  0.00000439074874016  0.00000455669128248
  0.00000472704057318  0.00000490116718852  0.00000507943842764  0.00000525248806288
  0.00000540946649348  0.00000556180994627  0.00000571693099037  0.00000587345095712
  0.00000602888398909  0.00000618134343042  0.00000633286705603  0.00000648603022523
  0.00000663431859981  0.00000677485401073  0.00000691112087516  0.00000704578101684
  0.00000718054931557  0.00000731806763566  0.00000746416905160  0.00000761972365644
  0.00000777695484012  0.00000792967520129  0.00000807784202018  0.00000822488264919
  0.00000837309171852  0.00000852352207401  0.00000867487017043  0.00000882379421308
  0.00000897353292633  0.00000912816585144  0.00000928506946630  0.00000944335801001
  0.00000960390061450  0.00000976437479771  0.00000991935181061  0.00001007578364998
  0.00001023208421083  0.00001039647632655  0.00001058182137522  0.00001078447213319
  0.00001099539655205  0.00001120962790324  0.00001142960230117  0.00001165782752929
  0.00001190122733437  0.00001215694586745  0.00001241958032874  0.00001267928169735
  0.00001292557630489  0.00001318709674101  0.00001342562782580  0.00001367704191921
  0.00001392030900139  0.00001412626649564  0.00001433045055562  0.00001453057597294
  0.00001474068260035  0.00001494341173396  0.00001525194265837  0.00001557759855797
  0.00001588231424878  0.00001617734965694  0.00001653926423522  1.00000000000000000
  0.02501304174746464  0.02912542705613242  0.03601427381826824  0.04244253868534508
  0.04935294801301365  0.05651042131420499  0.06362900604972953  0.07078975259446189
  0.07825810552624014  0.08552716937736964  0.09281348153969848  0.10074715918347736
  0.10851399094372470  0.11612260760580589  0.12411149311959632  0.13223370547750724
  0.14004866832511931  0.14782076746161027  0.15587212412563065  0.16414047578635638
  0.17337999587382252  0.18317095160383765  0.19300978577878669  0.20229110342897358
  0.21132135408051395  0.22042181960640847  0.22968717870873540  0.23968685373004450
  0.25023692581879520  0.26070975222855741  0.27100492471593807  0.28036912423717036
  0.28996345270468099  0.29995303226259634  0.30997895320770907  0.31949351110507995
  0.32884715344155435  0.33870811289280522  0.34921174891485030  0.35999478841064886
  0.37052780351334808  0.38081333844095361  0.39074136049989283  0.39980122688707831
  0.40868627126137475  0.41817921004549657  0.42789459820842962  0.43828155577401107
  0.44809883524126087  0.45711072436173983  0.46650771605235497  0.47636413483351059
  0.48635452907870186  0.49636746320866765  0.50629473353549215  0.51643787725178991
  0.52694279588067672  0.53788530903489551  0.54891662241623673  0.55993307714553797
  0.57126988585018723  0.58285826475824187  0.59483525619500588  0.60667210683298556
  0.61759432310790685  0.62780785485517809  0.63746586727843124  0.64759708117643744
  0.65858515149434516  0.66926179254293383  0.67943639022907920  0.68970727438412649
  0.70084565880329219  0.71281628361420557  0.72435213133387655  0.73501566054438305
  0.74556941566310242  0.75689411759567515  0.76875010252881071  0.78043002363156755
  0.79163576556498905  0.80359591377065731  0.81592884947718580  0.82844734191255343
  0.84096672103642145  0.85356760015028188  0.86512866981897352  0.87723244892665320
  0.88993508454149362  0.90166273173404088  0.91318345385624766  0.92612867922692821
  0.94252544180509945  0.95936880234002597  0.97277144568676821  1.00000000000000000
  0.00843935478139060  0.01898677051290201  0.03058212997144480  0.04211212660016761
  0.05338325047009788  0.06490208564104379  0.07674305513004531  0.08797219938747300
  0.09778089532099184  0.10668693969444232  0.11559258366439346  0.12518071900269340
  0.13542259304676121  0.14502124287991991  0.15570106412711696  0.16610234304280949
  0.17669913355422220  0.18729247827781670  0.19858872173892353  0.21029567785443937
  0.22223698757107632  0.23354068947258466  0.24386602620938094  0.25386540246308792
  0.26396880936508921  0.27402181739602338  0.28449849758520757  0.29473722701336097
  0.30609531008464491  0.31732193601327457  0.32876594117270908  0.33977380618400926
  0.35056816796207391  0.36144237748606317  0.37214512058685806  0.38261088526237974
  0.39282068655643493  0.40331299723632014  0.41430169612949569  0.42564549604845081
  0.43710157693220664  0.44880469436456244  0.46044627616053524  0.47151572159220489
  0.48201798720765954  0.49230501291234485  0.50223415786135162  0.51208935642941777
  0.52210028368787020  0.53175383887679095  0.54086658091286921  0.55049877347513976
  0.56119022849897693  0.57225408948155898  0.58301470430162250  0.59340724871346517
  0.60348110269172117  0.61330115816993003  0.62321070598639161  0.63316218914388744
  0.64294270860810676  0.65264090666581920  0.66301925681032892  0.67446251495579024
  0.68577712266904933  0.69612763094402508  0.70559978039211058  0.71514101017783016
  0.72519747338626250  0.73468879774257134  0.74349476243826695  0.75339313208742731
  0.76549171447319075  0.77732485028520448  0.78830916157862763  0.79890537655577509
  0.80980030614370346  0.82088726357191077  0.83205211372065280  0.84313233702487433
  0.85407525575625387  0.86493222493142963  0.87563867345958457  0.88615920793859471
  0.89650993949979141  0.90659400310872884  0.91597985684560157  0.92456007703339615
  0.93317186095572036  0.94274540106120253  0.95296071326346488  0.96275932414170706
  0.97202655016788797  0.98361997609792462  0.99089381232792573  1.00000000000000000
 -0.00271746143138413  0.00987094979163713  0.02118199642830214  0.03216317979800692
  0.04242933585430100  0.05336910391253342  0.06423941400588706  0.07497792226830743
  0.08607530591709923  0.09787950989140688  0.10990570118646152  0.12230575637144363
  0.13427791040894022  0.14618814471617075  0.15796146702829317  0.16904841324322045
  0.17945208171439975  0.19011390979160123  0.20136283007283795  0.21265585006700780
  0.22331887535356693  0.23348595628582414  0.24355105919876419  0.25341050105952512
  0.26302691539441980  0.27333245546479262  0.28424305773271641  0.29443789978062368
  0.30375995791584093  0.31342223853952911  0.32420538015401001  0.33597927769285035
  0.34824353249438111  0.36020920714278926  0.37113366197540437  0.38126921776136030
  0.39116226057726122  0.40131737486896085  0.41250942787507622  0.42405055576176720
  0.43500411389428245  0.44537583747003845  0.45536943232106314  0.46530716783114051
  0.47582054266306173  0.48694178941099320  0.49781130389760597  0.50780083815488608
  0.51738240370148003  0.52742932723534985  0.53825814625888968  0.54983407351597235
  0.56177221484525341  0.57347888104976286  0.58476088445726548  0.59568370566740847
  0.60632880779928122  0.61691496364498244  0.62764182223247622  0.63847626686966275
  0.64897291971703641  0.65910419135430032  0.66889424667525943  0.67864068917446463
  0.68890342690977213  0.69964554373585963  0.71029744204771494  0.72063571609631338
  0.73075782519615096  0.74067990725997490  0.75057515959911203  0.76081350257409652
  0.77163368817026567  0.78304474202934582  0.79495126790750581  0.80688820165864050
  0.81801521861764814  0.82848247232436290  0.83803223473394595  0.84700093206698501
  0.85606670060560097  0.86482797795092248  0.87389074209856865  0.88303216318173228
  0.89132333790891727  0.90012147761510231  0.90912946691784469  0.91848402676159036
  0.92908496437024002  0.94023466034537317  0.95135569109738127  0.96241559266599619
  0.97299256635638232  0.98290366025360010  0.99182205371068621  1.00000000000000000
 -0.00268595310361257  0.00888366698547297  0.02077720558042727  0.03237941819045392
  0.04406529225670831  0.05590902151410546  0.06751339951110882  0.07868084787303500
  0.08938865937011121  0.10019910464703766  0.11065194189292875  0.12076160301865962
  0.13161984742735733  0.14250263497209370  0.15332687700589634  0.16386581697049271
  0.17446040207558605  0.18517077159048387  0.19589933001636783  0.20667080085015957
  0.21767047742007842  0.22908480328612926  0.24032331310096217  0.25086040374376778
  0.26104283928777067  0.27171129036509500  0.28318735374762449  0.29482849031271913
  0.30576881404468120  0.31594442814211920  0.32609272173293402  0.33652441272323214
  0.34713672496019748  0.35788218258983251  0.36874081633139660  0.37968425069630335
  0.39055029019928833  0.40160689051164744  0.41251296061118897  0.42294525948096073
  0.43293409164381147  0.44306017093892935  0.45350119274448331  0.46390660321152472
  0.47416509910755128  0.48470308188845856  0.49547325138733556  0.50607979389583391
  0.51624690621367419  0.52615232115715937  0.53620668642641911  0.54585139053582221
  0.55510753606709673  0.56504305265357702  0.57579621539220094  0.58672592454006722
  0.59755133822408313  0.60820931376741971  0.61883909841052653  0.62944896178648824
  0.64026264111270847  0.65143288972013524  0.66304978501672540  0.67445868605309844
  0.68525002406116664  0.69606380074725172  0.70714890057317337  0.71822142076485418
  0.72909258889760709  0.73968148554150404  0.75036425999528655  0.76106467153603574
  0.77161743524902815  0.78172247915198234  0.79136492044361084  0.80074411799657741
  0.81055506513211917  0.82099604385775304  0.83150461983584412  0.84190658347734504
  0.85150087191948298  0.85994823335963588  0.86887693405494915  0.87816604316489899
  0.88688152347566362  0.89567897087726067  0.90475073336932588  0.91356425882476811
  0.92292347273553899  0.93314131961695257  0.94463332257982524  0.95667666388876627
  0.96773649523574123  0.97876705627228167  0.98972003632342120  1.00000000000000000
 -0.00301973403835280  0.01103088551416221  0.02223732171243269  0.03247073781759073
  0.04271832100990253  0.05350948846880729  0.06443015017928648  0.07575130249860855
  0.08637286027894049  0.09652309420942995  0.10666049241045050  0.11722142601326108
  0.12822278245645291  0.13923861368946114  0.14967151398375023  0.15992952229173457
  0.17014598468463701  0.18035045126344487  0.19018839555286096  0.19976509469701478
  0.20900662755514596  0.21895096865175828  0.22896621113752794  0.23941006733579762
  0.25002239733646253  0.26091597900056357  0.27217880141210765  0.28335527311467629
  0.29406241473741235  0.30465825328839047  0.31513311427401342  0.32566518547462731
  0.33650027822723505  0.34690846684286336  0.35846621080366942  0.37066550314720054
  0.38220413317350271  0.39283665933978967  0.40205238501619583  0.41152119025677925
  0.42217594956668464  0.43229864257870848  0.44215351931686470  0.45177840797917196
  0.46128872485866329  0.47040574612158975  0.48014729398656181  0.49103046338446765
  0.50242101716276621  0.51342247087803972  0.52409743433716316  0.53462308510099787
  0.54510093630748591  0.55565016149977664  0.56636894599872156  0.57708042195509301
  0.58741806490786008  0.59792423970173902  0.60891337425292580  0.61979821418160908
  0.63035912451320042  0.64058388825066892  0.65077453715788725  0.66152590868700589
  0.67217361753547955  0.68261919814488226  0.69282946816342972  0.70375891291953729
  0.71496397725396865  0.72588809430269952  0.73587741722575783  0.74571231198711307
  0.75577689846565610  0.76654574558138522  0.77701976660450567  0.78782285538653918
  0.79958212667117257  0.81167520995586173  0.82364551865309965  0.83379700238989873
  0.84416006762514428  0.85417875549489386  0.86395085929081017  0.87341158979965894
  0.88383278754033689  0.89344775396242171  0.90386740707176916  0.91421224328378070
  0.92556841364744502  0.93685054738647233  0.94838697840983888  0.95966200275835001
  0.96955973691281838  0.97980633730461431  0.98948187310729807  1.00000000000000000
 -0.00232478923281163  0.00896584540693029  0.02086138575108884  0.03142067969758382
  0.04245430617682024  0.05327356745189709  0.06326928679119635  0.07403055046609520
  0.08441942656155367  0.09470628519534458  0.10525608017820841  0.11641182101479364
  0.12731849770467057  0.13760881888828641  0.14756681558094084  0.15754282193946806
  0.16769014586401748  0.17814395794314652  0.18954459175949229  0.20212105599690572
  0.21499872335566558  0.22731741280580650  0.23820332510932080  0.24827719627192446
  0.25850444228671754  0.26876579718042176  0.27822382309021465  0.28707260506849452
  0.29672558907869334  0.30721821306185898  0.31757087723768673  0.32777853823463476
  0.33820338553292029  0.34891688668943449  0.35987841522008307  0.37110423986213326
  0.38232244419767780  0.39316223530323519  0.40421152254549897  0.41532645076467761
  0.42615157760284117  0.43656322357377980  0.44683667200178423  0.45790277272414232
  0.46894049361302703  0.47900006818957719  0.48846162682180877  0.49843272248793180
  0.50935739022092530  0.52073095935814817  0.53200222437710087  0.54319679931204712
  0.55448983975227961  0.56532457831835059  0.57506363724496246  0.58416290463763465
  0.59347000099954106  0.60320203893919000  0.61323619932013329  0.62274925943532011
  0.63158075173775130  0.64057441521535330  0.65037875881860707  0.66069363084942490
  0.67180644659877109  0.68149284463023674  0.69050980554367314  0.70103355998821149
  0.71165043309501297  0.72310065908511612  0.73531744171820279  0.74631720712673799
  0.75602424898743481  0.76516598312899264  0.77477394214264406  0.78527965347745354
  0.79627840526428295  0.80718642519080341  0.81840238129907583  0.82972711933632814
  0.84126112364195826  0.85244531279114932  0.86339382802035836  0.87437273654919101
  0.88577487194254956  0.89755126034424781  0.90921439408716120  0.92043239221400508
  0.93126962895437859  0.94171599778023252  0.95169435877197905  0.96141860154123560
  0.97101085495830108  0.98029144494525611  0.99004228473161693  1.00000000000000000
 -0.00229939228466434  0.00923248434003483  0.02026083512985649  0.03058559384384666
  0.04101139639781740  0.05232726967522314  0.06334491445810342  0.07232763796449843
  0.08256442104957960  0.09293464497380338  0.10290588830975250  0.11294023803651897
  0.12245218703834392  0.13230676722365306  0.14306542669177585  0.15378111448804682
  0.16444934721122043  0.17482952177547198  0.18513080132899662  0.19582481970658921
  0.20697640781279858  0.21793997305446622  0.22906852888634155  0.24009346307679849
  0.25097754925743265  0.26175438732098250  0.27303280718452783  0.28429729793018849
  0.29531712932187493  0.30638206408394952  0.31760963567401584  0.32859290280370096
  0.33910088880138517  0.34863408705602100  0.35823739245294683  0.36874773495757862
  0.37987619467053119  0.39054509411737703  0.40026446929768517  0.40982157941010183
  0.41935015461381858  0.42889020939619826  0.43904431779166547  0.44987648110841760
  0.46079559244115953  0.47175294643428828  0.48237043416525194  0.49223898974096864
  0.50204376856431376  0.51154916315217225  0.52134347013854831  0.53049327587718365
  0.53981800499483401  0.54946811249410776  0.55932246414201314  0.56903861330262251
  0.57921374095318690  0.59000540150340175  0.60106596165940529  0.61170322685199596
  0.62179737264501900  0.63168496462492285  0.64179370644328948  0.65212653080405636
  0.66256305831116025  0.67335023425962481  0.68492019511611357  0.69720946304772724
  0.70913115382367431  0.72011266368155469  0.73086351902691904  0.74124744078348981
  0.75168911290990670  0.76226586815447628  0.77283850611938132  0.78362195410730318
  0.79466386509556963  0.80606754390266333  0.81768425077486129  0.82948254794811316
  0.84071040653771700  0.85101670157151876  0.86125348416374115  0.87117909555384354
  0.88107100828820939  0.89057506951472631  0.90107641365745328  0.91175177777514749
  0.92214181188971500  0.93245441501449478  0.94349368809437661  0.95574287164975946
  0.96800837955012575  0.97942557939686148  0.99003121950040240  1.00000000000000000
 -0.00249714298843545  0.00917970862124971  0.02021995696974469  0.03094510478160514
  0.04130869814307450  0.05182436562101946  0.06200973008569931  0.07197391251824371
  0.08250940594960852  0.09315081382530739  0.10395286821734676  0.11516924342466675
  0.12612943012114045  0.13621486397287619  0.14586738253723416  0.15465842701308646
  0.16356492581069798  0.17195013305213813  0.18132025835654614  0.19028557776104887
  0.19914082272773620  0.20822917846048447  0.21756278516425989  0.22725494624656464
  0.23806435828385031  0.24958621820521695  0.26102556688487616  0.27185232016695671
  0.28217355686021828  0.29240327037041836  0.30300951594765568  0.31429235262353389
  0.32618329008429164  0.33768506473974508  0.34860398551577043  0.35956139727839243
  0.37107185952448718  0.38168559141423064  0.39077942162699403  0.39986722648594492
  0.40896178055241283  0.41851250524416128  0.42900077224969657  0.44038502475203978
  0.45192301885802832  0.46268302809419859  0.47292147684413305  0.48339375794056855
  0.49444330542580633  0.50513606953665835  0.51511137153736619  0.52519069992423595
  0.53568612565432305  0.54649313427379342  0.55769499850794713  0.56944810751411268
  0.58182415584691138  0.59389590292664562  0.60496975616250792  0.61626377150830647
  0.62818705817976472  0.64051485576970701  0.65349107584864197  0.66586444952047741
  0.67794938939196081  0.68926216837760301  0.69977990096010667  0.70975521058178193
  0.71941718398725896  0.72978044535754871  0.74062181147395922  0.75183701295427874
  0.76313938090624911  0.77414039909749666  0.78485617586941092  0.79496208096645715
  0.80471150501262545  0.81485827345092310  0.82588784367540624  0.83746637509607169
  0.84874035805968862  0.85886843349687625  0.86808042656278561  0.87772980330590067
  0.88769751159495403  0.89771771980251902  0.90731893545348896  0.91711636337936886
  0.92750545820603136  0.93812842160760257  0.94825793491275923  0.95861961444146548
  0.96857581220877809  0.97888215799565181  0.98898709388364936  1.00000000000000000
 -0.00189380363813751  0.00755457886052537  0.01794844423118891  0.02846355068236613
  0.03883520240046042  0.05129489978376681  0.06310939993890147  0.07408300087728686
  0.08469288892905320  0.09480817431906322  0.10531811208573702  0.11673645431910630
  0.12721873365651576  0.13689679379604133  0.14689139794501835  0.15716702962773518
  0.16719366292914184  0.17676824553700887  0.18679004053203416  0.19806981459407860
  0.21016666172467330  0.22176547142077194  0.23227352593442102  0.24179672569969438
  0.25169125753959454  0.26209736575849979  0.27212621439594720  0.28174060615632912
  0.29199592109446804  0.30330229174006706  0.31461042672650097  0.32561714821508114
  0.33633462627481936  0.34694178636688378  0.35740366618996194  0.36758157307744566
  0.37726761942750586  0.38806711482551098  0.39932306201513096  0.41024609153881464
  0.42084029465826300  0.43161180339123489  0.44225636086888459  0.45247615249080197
  0.46218879017506831  0.47186099264905279  0.48198310118765814  0.49158853271526520
  0.50111786263031410  0.51077761242047492  0.52055684438786565  0.53045471323155791
  0.54151929269888066  0.55242145334365567  0.56383185540695147  0.57434217594069203
  0.58406862039141128  0.59364214389202263  0.60320170856135402  0.61295155664913292
  0.62329023819320983  0.63494392314493064  0.64751157281981320  0.65944793017276615
  0.67098520286915631  0.68206538755546342  0.69278415590174514  0.70273995649931098
  0.71234037198852085  0.72217446170781807  0.73253701782482306  0.74318758648285699
  0.75404255161924938  0.76489536865240304  0.77516453276761355  0.78498839811078391
  0.79518198273579888  0.80609931241918154  0.81768880349355688  0.82907088170386578
  0.83985225749788461  0.84997356105737376  0.85993451968429890  0.86977197349219015
  0.87943146081155554  0.88925073096759533  0.89888305055814643  0.90918859325936519
  0.92019247225777534  0.93219956740824306  0.94502428344212874  0.95655675018375885
  0.96752536697314262  0.97855636383924416  0.98950847081662441  1.00000000000000000
 -0.00229388418665507  0.00907846771219831  0.01910993801566510  0.02972785827944709
  0.04052531737969080  0.05129067584173047  0.06243032362643466  0.07383870480312020
  0.08485136215656006  0.09558697655918204  0.10650826946220376  0.11756436635751494
  0.12867387801994398  0.13968144303770560  0.15091858050934645  0.16232826073770468
  0.17288711803857490  0.18245334322207279  0.19161457866508838  0.20057561319678893
  0.21015412196992342  0.21997586935196392  0.22998477287617952  0.23983286492342620
  0.25006025913866442  0.26074389293474082  0.27124217811509160  0.28132062069985514
  0.29170253398681378  0.30209965784710785  0.31284404753357242  0.32382195613074488
  0.33448746348812447  0.34521408764833633  0.35690296137776578  0.36940280277915571
  0.38207954780349396  0.39444951248000182  0.40621276396126976  0.41735147040772530
  0.42827915712970577  0.43931003841807265  0.45049107356202400  0.46180074505745411
  0.47311088390457112  0.48416965819825714  0.49495694686887870  0.50580534788996312
  0.51682702227017452  0.52790058086382163  0.53869282711371358  0.54931591214046127
  0.55981269161731018  0.57048275398440829  0.58129033289372700  0.59250223285612647
  0.60414964409581506  0.61588133363908459  0.62770133205067280  0.63958728500368800
  0.65141051649011361  0.66301993398372983  0.67515086155713033  0.68762769220090936
  0.69931940270545856  0.71018838862832179  0.72062273431520707  0.73057115582965482
  0.74033003792082075  0.74981281904467267  0.75862020866463287  0.76768348113590690
  0.77646789770512803  0.78478221878123255  0.79376176604140602  0.80259770662516638
  0.81116456297781792  0.82012263819453024  0.82955874306428357  0.83993710421731105
  0.85057555112571148  0.86066775957019792  0.87068897112890953  0.88118401918217881
  0.89244776739244147  0.90393073391189649  0.91512122556575992  0.92607970899501835
  0.93692351224485160  0.94748787266113699  0.95709798959269421  0.96515763442979674
  0.97293261716718094  0.98172997436908704  0.99109539932386037  1.00000000000000000
 -0.00262341766182381  0.00948393990780780  0.02099741782235462  0.03241029172673793
  0.04328864010368556  0.05381966658251554  0.06445859025327576  0.07582189870303466
  0.08706807965231711  0.09818068506987111  0.10909230329785105  0.12026325785039088
  0.13183892109946704  0.14328298427644257  0.15390212181174168  0.16403638573227744
  0.17426330283202623  0.18451983983144885  0.19480543245625637  0.20458200079442582
  0.21313539838899165  0.22107982599842022  0.22971940113864550  0.23919085417786476
  0.24976339964158958  0.25970863236667519  0.27071365592830549  0.28217444966415206
  0.29335354896549126  0.30265636142973767  0.31197155881102684  0.32094479231900941
  0.33149432313930410  0.34226594406657262  0.35181459032417578  0.36169844310580301
  0.37241172271087275  0.38302562389038958  0.39354234334717630  0.40429786134957391
  0.41535367389666278  0.42586094621917348  0.43646949022841819  0.44711788597212981
  0.45695188054100500  0.46649876069734625  0.47528157826272821  0.48472477412976472
  0.49525405525945243  0.50657099365235225  0.51920683868150397  0.53074572069226400
  0.54116540389170920  0.55035581480580897  0.55959347795834458  0.56977371634831664
  0.58024695916527302  0.59120674932455397  0.60362634406840254  0.61461281205385709
  0.62498541172337951  0.63488339492301993  0.64480136116207054  0.65445737803130022
  0.66414417177348872  0.67437833430290806  0.68534661507247918  0.69669506306565565
  0.70805205112252600  0.71935290467726087  0.73055643588721686  0.74155518467252590
  0.75250623944975137  0.76391977250241327  0.77581585678723741  0.78747462802597157
  0.79852096125708016  0.80870017192928134  0.81842766821407265  0.82826668300785944
  0.83895587465838428  0.84996174292723214  0.86137743072573381  0.87363322736324223
  0.88378933489690492  0.89396453357094130  0.90381463396033157  0.91417120585137213
  0.92564727840413541  0.93727188564978425  0.94830648930927397  0.95821698933423316
  0.96812778267125721  0.97838719263975538  0.98921132424751956  1.00000000000000000
 -0.00153881685928513  0.00740016056571940  0.01746116685254284  0.02726954155968497
  0.03784665259684591  0.04901667026475488  0.06101359527853180  0.07297705455894089
  0.08453479799825178  0.09584174394746649  0.10735735289943067  0.11823188535476793
  0.12798971715061591  0.13732349524929935  0.14716974797749205  0.15760661684964697
  0.16818584351612653  0.17828558779171658  0.18807248323611853  0.19746550360409074
  0.20702446615978767  0.21697116140461914  0.22705219364750467  0.23649192565096680
  0.24538118673152767  0.25488762984246344  0.26539963655104953  0.27629327109395718
  0.28707687478733751  0.29744954899186937  0.30775024071226281  0.31792057666029538
  0.32787591557039708  0.33789629357269135  0.34795559882884114  0.35919960181178001
  0.37091730435201009  0.38185511849483689  0.39245174805924227  0.40292652680840785
  0.41288745112914987  0.42251799124283718  0.43224252846143613  0.44213018998235892
  0.45233936777574729  0.46272098901866160  0.47294398919492553  0.48330103241998867
  0.49391451138388920  0.50489442958585506  0.51598003208083809  0.52696350522338142
  0.53794673405512428  0.54880540525642563  0.55961778137022378  0.57049774839992629
  0.58145049211824706  0.59254020548231834  0.60322102658045740  0.61300411902006902
  0.62258114908233742  0.63206832658760892  0.64176438023325100  0.65171496878375412
  0.66195607592600181  0.67202996379429358  0.68140530991493442  0.69010867739174575
  0.69998119310128548  0.71056077554857544  0.72057669632954136  0.73132883052206632
  0.74265283885582767  0.75381095118393071  0.76481560951315908  0.77538405520790921
  0.78541585483864862  0.79554998899402296  0.80607316043899724  0.81671756285057073
  0.82772625055471161  0.83947340445745988  0.85121665680559599  0.86256141069414982
  0.87401978347568177  0.88575912986693806  0.89760721728027393  0.90911468526483796
  0.91998294686300552  0.93087874018342198  0.94175222798464941  0.95256923405194116
  0.96364230932065686  0.97496202786675124  0.98639161689906318  1.00000000000000000
 -0.00175528127669566  0.00771838635803217  0.01710692047450912  0.02686806319694659
  0.03700378330730018  0.04752900666372614  0.05874399289384399  0.07048572463387219
  0.08235884567747159  0.09412684660757761  0.10547305279761561  0.11656937709240443
  0.12855087095117515  0.14038441051716818  0.15144597592084402  0.16221775410908165
  0.17246116940472686  0.18326974264797188  0.19410081208013583  0.20480632655907366
  0.21530689238264361  0.22605064897551583  0.23732272633364515  0.24887561394837399
  0.26041398982479919  0.27167077633836723  0.28267590349333777  0.29350461509432346
  0.30440445364908120  0.31577847030517231  0.32736060268884515  0.33817781821570064
  0.34836945141138997  0.35817650905056198  0.36764696235481875  0.37705044995964071
  0.38599541804224280  0.39487576651842271  0.40485214403087877  0.41501591211280220
  0.42455488248681872  0.43387895272559346  0.44349959990769683  0.45351092112718588
  0.46408509685971178  0.47466092847552860  0.48497237703299639  0.49527971770769458
  0.50545029499376781  0.51624902574797493  0.52735580850591746  0.53691949481318380
  0.54779283443977300  0.55927215850362555  0.57073943655855708  0.58244172214198220
  0.59455993284656572  0.60585288278800409  0.61664976091739654  0.62746947014013466
  0.63841267614526231  0.64954206448543539  0.66082845132554846  0.67212306646777265
  0.68316090991905076  0.69405292824887632  0.70470734256719558  0.71513499735717956
  0.72543488778796139  0.73575554913756058  0.74604447727139989  0.75617003148663964
  0.76606793809824369  0.77525765243142220  0.78386399923868966  0.79315760107351385
  0.80323032732364352  0.81332845016359312  0.82374942026385112  0.83403233986186176
  0.84420009110122962  0.85496630405084140  0.86502574524355880  0.87419157207497589
  0.88221157283264151  0.89164061706283215  0.90089476047646910  0.91064076539409911
  0.92093925630783102  0.93224213693824254  0.94390803559599123  0.95669125626947982
  0.96847303825475040  0.97886512336350695  0.98950951680647348  1.00000000000000000
 -0.00242167431293364  0.00981209233993758  0.01924685913520489  0.02837141215298094
  0.03701537723732249  0.04514074276575065  0.05347968098110039  0.06232125902655997
  0.07166768749096168  0.08101604091379148  0.09060223763593013  0.10096143440854968
  0.11289926439463487  0.12551736054774709  0.13705402700901267  0.14815080847992634
  0.15902313685075803  0.16957789826490002  0.17989075207493127  0.19044298034504531
  0.20114383426893706  0.21172346373024353  0.22272461819398423  0.23419145053788595
  0.24559461411187644  0.25626166366394770  0.26621579989896288  0.27643320630263618
  0.28684780824397471  0.29700408304778680  0.30705399930720040  0.31728921138744753
  0.32732136941189399  0.33687773881736849  0.34681100008360827  0.35707799596190765
  0.36739507377341901  0.37775168351689181  0.38901993266762946  0.40005786083740363
  0.41066387877822219  0.42100038463242334  0.43162401590584043  0.44307507351030839
  0.45491709130084340  0.46638825155546509  0.47712871813630486  0.48724980639120780
  0.49738282052011518  0.50820402278406085  0.51937716323833316  0.52952516457382770
  0.53880234348538736  0.54836583300659547  0.55812368401441870  0.56807065737359819
  0.57809751100215956  0.58903244193330895  0.60133592759323817  0.61307597422571880
  0.62401080232502137  0.63499146298323139  0.64584339807288060  0.65670356628559712
  0.66813069869386132  0.68003182119709171  0.69206828596670744  0.70392300776038175
  0.71524601450257563  0.72592638964394840  0.73645592844835384  0.74736152635235564
  0.75839843002557361  0.76936594602527530  0.78006394377563437  0.79032808966680257
  0.80007549131560474  0.80971542755723525  0.81969996359347097  0.83012050826265105
  0.84073887330984409  0.85154416782449238  0.86239774977850725  0.87321337582286096
  0.88411626618753036  0.89495192314249594  0.90538853143108178  0.91516175897680696
  0.92496088305632096  0.93471810217440776  0.94546146787975593  0.95668039700813501
  0.96670517458465743  0.97745818488775194  0.98825359094495047  1.00000000000000000
 -0.00227367036738267  0.00939405654390210  0.01833823244833513  0.02776018729264554
  0.03745356000784397  0.04775592010108418  0.05839310283384213  0.06908495915773105
  0.07961396319553736  0.09011533361397629  0.10037120057637068  0.11051475142107431
  0.12010756359187637  0.13009108297097047  0.14000407393769054  0.15043099453687572
  0.16122794304961235  0.17224293530916457  0.18292826338415621  0.19384860042195684
  0.20513522235429457  0.21638541903310768  0.22757745567678486  0.23899660864239555
  0.25076922840537336  0.26302636866898776  0.27481066001144361  0.28629022561968298
  0.29742340877181667  0.30867587929733331  0.31984225488751750  0.33031572047505797
  0.33992078537878045  0.34947881060101882  0.35903423170945808  0.36863392208213075
  0.37926517346043770  0.38918502700432667  0.39831101443615891  0.40713746252284272
  0.41659489011009587  0.42536676785111327  0.43637387556614782  0.44573084342756264
  0.45593665035108361  0.46620393621367462  0.47818219336535567  0.48904856694643878
  0.49963967258167774  0.50994042777464321  0.52029428808171241  0.53117056795239281
  0.54156960855405167  0.55005288187140478  0.55850391325167770  0.56752321559731034
  0.57720281926545824  0.58673191444110462  0.59554076839810666  0.60507350405897997
  0.61627773504842298  0.62814403435482935  0.63994244729003280  0.65066221177151018
  0.66068709965156225  0.67123541684305710  0.68196630996922403  0.69245583039806768
  0.70223024970113757  0.71158235282765037  0.72189887169856493  0.73280864858718298
  0.74413629169675255  0.75541966678363348  0.76626109540046450  0.77707510504812483
  0.78825273931445861  0.79975968425641319  0.81134843383037836  0.82298923742733221
  0.83460980038076638  0.84606697973847389  0.85771072989513408  0.86911591633027019
  0.87945316287535324  0.88898719512819369  0.89920405227946509  0.90978824195178420
  0.92052712386504221  0.93125304840799072  0.94239839495381783  0.95402603991524193
  0.96587019138347596  0.97748496112461503  0.98872552220202470  1.00000000000000000
 -0.00206354080307785  0.00846896466636348  0.01813912520134601  0.02751077915746675
  0.03662640541600017  0.04663669309768002  0.05738096651268214  0.06856482550231627
  0.07985201325969717  0.09074882654295680  0.10098146566902920  0.11033795543274996
  0.11983663458713147  0.12961810057384107  0.13922628645874888  0.14902249710120571
  0.15920659489710928  0.16981194652977982  0.18057495429804865  0.19125964381799715
  0.20176907721280066  0.21198922041561577  0.22268120810778180  0.23396964256125716
  0.24502433069789625  0.25600032945912748  0.26715777955911707  0.27918747407350403
  0.29231383381780091  0.30367645439698920  0.31392505464719794  0.32429028671729931
  0.33429609567927315  0.34466425889345970  0.35520619594538111  0.36571736196004129
  0.37625335380029223  0.38671855336927824  0.39723190437141753  0.40800976213773449
  0.41855801356863848  0.42888282103020736  0.43943207896500092  0.45088205299584211
  0.46218981999500713  0.47260354365884100  0.48261368695005846  0.49237363602266737
  0.50252231602901076  0.51305360623978624  0.52384027423434121  0.53454109537817995
  0.54507090546663894  0.55529530255598203  0.56532515654331028  0.57507323111920883
  0.58500474327362983  0.59589697762809435  0.60724671992201329  0.61864437862890920
  0.62990296513529576  0.64109629868951346  0.65221423184674565  0.66375560672580147
  0.67595011616401468  0.68794874462453226  0.69854945931924006  0.70869768008915612
  0.71915689051332343  0.72979377060012607  0.73998397814194772  0.75030136077685028
  0.76060163039750839  0.77163263247253067  0.78289433626548410  0.79431460446004376
  0.80582376377431220  0.81632807549120090  0.82608917987793651  0.83555144493207978
  0.84568495512407305  0.85551699394484704  0.86535064043635979  0.87604603572512330
  0.88799329241039071  0.89951338259341951  0.91042245394388410  0.92126999606329729
  0.93186293540915566  0.94207282738855935  0.95207155199913684  0.96299740460881944
  0.97338850158704227  0.98262004179329465  0.99147351017793905  1.00000000000000000
  0.00839966612406575  0.01925562947084114  0.02974978872960691  0.04068698999576974
  0.05138232960035764  0.06198633411910364  0.07272621144872944  0.08368605717568303
  0.09475053347330052  0.10605794801106981  0.11722217159312591  0.12748844482546542
  0.13690568452569438  0.14639592422596093  0.15626364677305701  0.16597686039260900
  0.17529774267776521  0.18451906406221455  0.19426635020374547  0.20440865636507599
  0.21466501822646028  0.22527452781870533  0.23554578644754109  0.24499045848374462
  0.25396436755949370  0.26355503383739004  0.27383329261026257  0.28366322733593258
  0.29332475479718750  0.30317634309725700  0.31279913469764775  0.32232211641032210
  0.33202810317999604  0.34183859957576007  0.35186539817363793  0.36221112547383627
  0.37272640722213385  0.38291029934846960  0.39277383859545811  0.40257412536054454
  0.41248849861486458  0.42269984323100707  0.43363539757132719  0.44513330051337213
  0.45655592964062736  0.46727389154103788  0.47748867186968846  0.48787839662052285
  0.49855950344467065  0.50952131934152856  0.52050179714441969  0.53107147703490620
  0.54121297778365618  0.55139079575353511  0.56201874648751959  0.57318356347685195
  0.58491648427790177  0.59710404401041905  0.60952347154630471  0.62200361487372913
  0.63431946941887796  0.64619052521558507  0.65713663736922745  0.66767884059079419
  0.67892056690535363  0.68937909749233639  0.69982978223596259  0.70979847468255242
  0.72026515252488943  0.73144452284245831  0.74112505834165787  0.75036665761187171
  0.75997241834059970  0.77036848625638865  0.78163615239842310  0.79180502260361096
  0.80332080704968278  0.81394408196470835  0.82408594476080133  0.83373517760096327
  0.84321052688072051  0.85320594424488161  0.86343968609534694  0.87286713125253423
  0.88285005991125920  0.89308987184140376  0.90350618515506220  0.91457454614767597
  0.92577054838691963  0.93635483884520843  0.94668173237520370  0.95688949920865096
  0.96671483909520750  0.97669453422910679  0.98781514733998355  1.00000000000000000
 -0.04079837460281473  0.17990859596239991  0.22591917981244089  0.25157304194808788
  0.27086150341699217  0.28611175499872799  0.29895840491001929  0.31039565469698188
  0.32036829823196522  0.32889166634925499  0.33666748379474809  0.34448424994246984
  0.35190743188842821  0.35912260653138628  0.36596242593126532  0.37229865461447709
  0.37825355950737960  0.38397126231968132  0.38953059959035796  0.39496050742065208
  0.40013584297403493  0.40485312636335741  0.40930127960213630  0.41365205120035159
  0.41759573969635455  0.42107875453773708  0.42471805240019672  0.42843186877554013
  0.43183835929471537  0.43502362085750335  0.43821497736957699  0.44195638223917655
  0.44598358817703354  0.44988556687638914  0.45344917554000908  0.45686776653796046
  0.46031782476702876  0.46377627076618982  0.46717620612561933  0.47053904340752706
  0.47373846121030594  0.47692411857580674  0.48031025235771035  0.48397830160813038
  0.48763895465230006  0.49114092101703533  0.49470089821471563  0.49830873423524552
  0.50160845789716912  0.50467583904345759  0.50771378148286728  0.51086288379913669
  0.51393782419896361  0.51714081054335093  0.52055119963066621  0.52409377872397356
  0.52764957165988058  0.53118588928515242  0.53460681180898095  0.53795340762436183
  0.54134116054364445  0.54484849792887668  0.54853359487519682  0.55238229967235331
  0.55626131161984660  0.56016624127946013  0.56411628879704290  0.56833726120517125
  0.57282799153043118  0.57741446726255896  0.58198560413419809  0.58642254459573062
  0.59064588424605946  0.59474194938217517  0.59885017651398575  0.60315943385357484
  0.60770435210101981  0.61276411838303679  0.61819718127765289  0.62384692289508759
  0.62976739225731870  0.63594862102808702  0.64234305035766470  0.64899850687128735
  0.65607891282843689  0.66377753112421767  0.67168001623813811  0.67963851137530307
  0.68860713682185803  0.69947918782334073  0.71309343823664584  0.73089371183465424
  0.75181752498862586  0.77551815287557713  0.81678272770836535  1.00000000000000000
   9.5507955973442982E-014  -1.0000000000000000     
 T T F F F F F F F F F F F F F F F F F F F F F F F F F F F F F F F F F F F F F F F F F F F F F F F F F F F F F F F F F F F F F F F F F F F F F F F F F F F F F F F F F F F F F F F F F F F F F F F F F F F F F F F F F F F F F F F F F F F F F F F F F F F F F F F F F F F F F F F F F F F F F F F F F F F F F F F F F F F F F F F F F F F F F F F F F F F F F F F F F F F F F F F F F F F F F F F F F F F F F F F F F F F F F F F F F F F F F F F F F F F F F F F F F F F F F F F F F F F F F F F F F F F F F F F F F F F F F F F F F F F F F F F F F F F F F F F F F F F F F F F F F F F F F F F F F F F F F F F F F F F F F F F F F F F F F F F F F F F F F F F F F F F F F F F F F F F F F F F F F F F F F F F F F F F F F F F F F F F F F F F F F F F F F F F F F F F F F F F F F F F F F F F F F F F F F F F F F F F F F F F F F F F F F F F F F F F F F F F F F F F F F F F F F F F F F F F F F F F F F F F F F F F F F F F F F F F F F F F F F F F F F F F F F F F F F F F F F F F F F F F F F F F F F F F F F F F F F F F F F F F F F F F F F F F F F F F F F F F F F F F F F F F F F F F F F F F F F F F F F F F F F F F F F F F F F F F F F F F F F F F F F F F F F F F F F F F F F F F F F F F F F F F F F F F F F F F F F F F F F F F F F F F F F F F F F F F F F F F F F F F F F F F F F F F F F F F F F F F F F F F F F F F F F F F F F F F F F F F F F F F F F F F F F F F F F F F F F F F F F F F F F F F F F F F F F F F F F F F F F F F F F F F F F F F F F F F F F F F F F F F F F F F F F F F F F F F F F F F F F F F F F F F F F F F F F F F F F F F F F F F F F F F F F F T T F F F F F F F F F F F F F F F F F F F F F F F F F F F F F F F F F F F F F F F F F F F F F F F F F F F F F F F F F F F F F F F F F F F F F F F F F F F F F F F F F F F F F F F F F F F F F F F F F F F F F F F F F F F F F F F F F F F F F F F F F F F F F F F F F F F F F F F F F F F F F F F F F F F F F F F F F F F F F F F F F F F F F F F F F F F F F F F F F F F F F F F F F F F F F F F F F F F F F F F F F F F F F F F F F F F F F F F F F F F F F F F F F F F F F F F F F F F F F F F F F F F F F F F F F F F F F F F F F F F F F F F F F F F F F F F F F F F F F F F F F F F F F F F F F F F F F F F F F F F F F F F F F F F F F F F F F F F F F F F F F F F F F F F F F F F F F F F F F F F F F F F F F F F F F F F F F F F F F F F F F F F F F F F F F F F F F F F F F F F F F F F F F F F F F F F F F F F F F F F F F F F F F F F F F F F F F F F F F F F F F F F F F F F F F F F F F F F F F F F F F F F F F F F F F F F F F F F F F F F F F F F F F F F F F F F F F F F F F F F F F F F F F F F F F F F F F F F F F F F F F F F F F F F F F F F F F F F F F F F F F F F F F F F F F F F F F F F F F F F F F F F F F F F F F F F F F F F F F F F F F F F F F F F F F F F F F F F F F F F F F F F F F F F F F F F F F F F F F F F F F F F F F F F F F F F F F F F F F F F F F F F F F F F F F F F F F F F F F F F F F F F F F F F F F F F F F F F F F F F F F F F F F F F F F F F F F F F F F F F F F F F F F F F F F F F F F F F F F F F F F F F F F F F F F F F F F F F F F F F F F F F F F F F F F F F F F F F F F F F F F F F F F F F F F F F F F F F F F F F F F F F F F F F F F F F F F F F F F F F F F F F F F F F F F F F F F F F F F F F F F F F F F F F F F F F F F F F F F F F F F F F F F F F F F F F F F F F F F F F F F F F F F F F F F F F F F F F F F F F F F F F F F F F F F F F F F F F F F F F F F F F F F F F F F F F F F F F F F F F F F F F F F F F F F F F F F F F F F F F F F F F F F F F F F F F F F F F F F F F F F F F F F F F F F F F F F F F F F F F F F F F F F F F F F F F F F F F F F F F F F F F F F F F F F F F F F F F F F F F F F F F F F F F F F F F F F F F F F F F F F F F F F F F F F F F F F F F F F F F F F F F F F F F F F F F F F F F F F F F F F F F F F F F F F F F F F F F F F F F F F F F F F F F F F F F F F F F F F F F F F F F F F F F F F F F F F F F F F F F F F F F F F F F F F F F F F F F F F F F F F F F F F F F F F F F F F F F F F F F F F F F F F F F F F F F F F F F F F F F F F F F F F F F F F F F F F F F F F F F F F F F F F F F F F F F F F F F F F F F F F F F F F F F F F F F F F F F F F F F F F F F F F F F F F F F F F F F F F F F F F F F F F F F F F F F F F F F F F F
  <DiscreteSampler_grid>
  grouped_processes
  1 # 1 for a reference and 2 for a running grid.
  10 # Attribute 'min_bin_probing_points' of the grid.
  1 # Attribute 'grid_mode' of the grid. 1=='default',2=='initialization'
  0.0000000000000000 # Attribute 'small_contrib_threshold' of the grid.
  0.5000000000000000 # Attribute 'damping_power' of the grid.
 # binID   n_entries weight   weight_sqr   abs_weight
    49   10   3.251608668167003E+008   5.304201987293201E+017   3.251608668167003E+008
    52   10   1.737600999611362E+007   1.514689532476710E+015   1.737600999611362E+007
    61   10   1.737600999611369E+007   1.514689532476779E+015   1.737600999611369E+007
    64   10   9.285426205830704E+005   4.325409147862066E+012   9.285426205830704E+005
    73   10   9.285426205830876E+005   4.325409147862253E+012   9.285426205830876E+005
    82   10   4.961964216365562E+004   1.235181460970128E+010   4.961964216365562E+004
    100   10   4.153293459623563E+008   7.575626836598749E+017   4.153293459623563E+008
    103   10   2.219445081990602E+007   2.163326867799336E+015   2.219445081990602E+007
    112   10   2.219445081990574E+007   2.163326867799317E+015   2.219445081990574E+007
    115   10   1.186031403718502E+006   6.177684352577787E+012   1.186031403718502E+006
    121   10   2.219445081990607E+007   2.163326867799393E+015   2.219445081990607E+007
    124   10   1.186031403718520E+006   6.177684352578005E+012   1.186031403718520E+006
    130   10   1.186031403718480E+006   6.177684352577472E+012   1.186031403718480E+006
    133   10   6.337937811666155E+004   1.764124715878248E+010   6.337937811666155E+004
  </DiscreteSampler_grid>
