  0.02395812585457220  0.03153811725861659  0.04023533026238021  0.04898848544760087
  0.05733111933615070  0.06537289530299728  0.07323535633346431  0.08108084419290613
  0.08940860996863410  0.09894000278258995  0.10910312417425948  0.11793876068328107
  0.12679199895837898  0.13590518509936159  0.14484097631290246  0.15435927076683054
  0.16322138801035666  0.17536418496527675  0.18898359226833053  0.20133043366020700
  0.21108362866659386  0.21877507677008587  0.22688425470414944  0.23615154675795125
  0.24568819920058940  0.25385557623108246  0.26043995123592523  0.26663987752253854
  0.27435324218625606  0.28515615766027069  0.29817687799447196  0.30901668402025634
  0.31859339453911001  0.32757314925571679  0.33657428493838931  0.34602256608647630
  0.35537185205827670  0.36677493163481151  0.37859078955838388  0.39007380714825995
  0.40173529454004486  0.41366086152283577  0.42494189659017984  0.43607237692261780
  0.44855235413447936  0.46227990370436378  0.47625718732166644  0.48851370451428389
  0.49874388406416903  0.50745812731900786  0.51497468207308816  0.52270332251366336
  0.53054156805768615  0.53892883415346149  0.54802017338174824  0.55758998449035813
  0.56766619177969768  0.58020399997680261  0.59048941503610408  0.59976877729876044
  0.60888082755171213  0.61818134069518926  0.62826796742439650  0.63893999346132857
  0.64986013121584441  0.65937575250454217  0.66734047263268215  0.67469649243168550
  0.68247689854696392  0.69207253438209326  0.70053631782693848  0.70896248015692021
  0.71524315942408889  0.72294618767950436  0.73054109021890246  0.73843674530719938
  0.74641270145275951  0.75408129119673417  0.76131733442012939  0.76892607111239464
  0.77889305569660083  0.79020068956698530  0.80076556051248637  0.81080058007081790
  0.81997538345364374  0.82952038279344831  0.84131643973135939  0.85605669696250608
  0.87181245534819263  0.88970071421986585  0.90749266769774106  0.92275637905829189
  0.93780399908381995  0.95420667622279265  0.97288257151083191  1.00000000000000000
 -0.00000000067801759  0.00000001103484235  0.00000003275046928  0.00000006481777801
  0.00000010700017538  0.00000015775874441  0.00000022262199380  0.00000029828848554
  0.00000038071940435  0.00000048547165476  0.00000060647225178  0.00000072436193231
  0.00000081967368365  0.00000091520136293  0.00000102301467875  0.00000114179293682
  0.00000126425075481  0.00000139587854878  0.00000153827048830  0.00000168012521263
  0.00000182771590765  0.00000198457928153  0.00000214234576846  0.00000227825140685
  0.00000241468238084  0.00000254928683341  0.00000269724706537  0.00000285723634147
  0.00000302749295991  0.00000318993321301  0.00000334000985710  0.00000350086973360
  0.00000368550038166  0.00000389256898253  0.00000409005589440  0.00000427304697380
  0.00000445483202400  0.00000464449123323  0.00000482996742713  0.00000502460457696
  0.00000520766643668  0.00000537400386824  0.00000553961441148  0.00000570482261880
  0.00000586433691781  0.00000602772795470  0.00000620029887813  0.00000637954550952
  0.00000654583685446  0.00000671747776861  0.00000690072649947  0.00000708653452090
  0.00000727225012041  0.00000746226279750  0.00000765138609970  0.00000784183737468
  0.00000803826718417  0.00000824805720886  0.00000847090068169  0.00000866573588996
  0.00000885453779953  0.00000903354527078  0.00000920021919216  0.00000937187015763
  0.00000954762776653  0.00000971665160326  0.00000986842382734  0.00001002033990152
  0.00001017055039754  0.00001032335312614  0.00001049919780524  0.00001070860665687
  0.00001094959598063  0.00001122815388783  0.00001151528423995  0.00001182151239406
  0.00001213422599090  0.00001243364277274  0.00001272424527825  0.00001298790431880
  0.00001322114922797  0.00001344388577573  0.00001363406031501  0.00001382671421817
  0.00001403255033607  0.00001424663556700  0.00001447113392906  0.00001469029508236
  0.00001488473389893  0.00001505550817970  0.00001525442001688  0.00001545684326463
  0.00001571372639824  0.00001597351013995  0.00001614961267054  1.00000000000000000
  0.00923145386774354  0.01656140851822008  0.02838555147802455  0.04141430313377745
  0.05224719404555248  0.06310991135277363  0.07505327493895098  0.08788932704651871
  0.09909255281655370  0.10823274941348469  0.11762863268155148  0.12686135758917083
  0.13689838466124435  0.14743752431283819  0.15763837873629535  0.16936401890633715
  0.18220741508482621  0.19459151883039208  0.20779928311481932  0.22237104866343593
  0.23709543585609438  0.25156571395152838  0.26458941059159868  0.27593852778782818
  0.28697849689206373  0.29700485759220258  0.30801465694588065  0.32021781955289030
  0.33236045891270183  0.34403912944971388  0.35312617431153798  0.36264146792806229
  0.37195995662802761  0.38095839621630323  0.39006116315251926  0.39865825488556866
  0.40893487009775709  0.41990479093768168  0.42936657714280985  0.43845408018229787
  0.44771512020857257  0.45668233414110254  0.46568313015339202  0.47502579053385308
  0.48524162980964752  0.49698909453155449  0.50785037393595123  0.51975522742669045
  0.53078356224733148  0.54327350080089498  0.55562045396202664  0.56748802144971089
  0.57867203068351702  0.58913806910519684  0.59944670206767725  0.61010657158715864
  0.62079272309277256  0.63139973391716886  0.64200682968161593  0.65398174649960616
  0.66625299647880176  0.67771813056613983  0.68910040966861508  0.70083619564204669
  0.71255460262580650  0.72318787040116639  0.73254459376098235  0.74231846286539771
  0.75160337107003361  0.75927778854637773  0.76955152073627586  0.78050756835262303
  0.79020861061143521  0.79981789041438378  0.80972876175708619  0.82119159670323805
  0.83331095503567554  0.84357640014050606  0.85356256735841007  0.86311941869311182
  0.87233740840670815  0.88143778876807988  0.89137914299252108  0.90276228528933178
  0.91457920397191650  0.92391642587451317  0.93111011381616293  0.93890337542583568
  0.94765536368446368  0.95593649026417860  0.96322525935770575  0.97013688755985128
  0.97745182928614394  0.98506496726256476  0.99029719519568449  1.00000000000000000
  0.02428667265271426  0.02990495948943556  0.03630276221803660  0.04349377809208406
  0.05150368938049255  0.06042806457202785  0.06973117781670278  0.07882413490834313
  0.08804389364631150  0.09755563240103153  0.10696371800102672  0.11551870736206492
  0.12374138712378450  0.13169731732322873  0.13883185593475622  0.14813472894536472
  0.15859579561660803  0.17002454368689543  0.18190448723065022  0.19201562060460009
  0.20139538683294661  0.21045672215543643  0.21925383017146161  0.22791343008490481
  0.23670324602622247  0.24607711511593452  0.25565068897851928  0.26479367461954362
  0.27300858269000633  0.28018134480821738  0.28805116588708529  0.29724844619309060
  0.30755528902889406  0.31790333455276942  0.32815519313964403  0.33893982753440915
  0.34915214495012747  0.35950878694277971  0.37009363906615694  0.38165883212397828
  0.39558053266017318  0.40807969702299629  0.41925376617905991  0.42786045970602532
  0.43819923708119857  0.44893772643626406  0.45916093521295887  0.46795843609097953
  0.47623973215613313  0.48501439772555527  0.49595744248323892  0.50968332973597563
  0.52298159288176238  0.53684208355158081  0.54469690805710380  0.55135955006859183
  0.55853996021402874  0.56585791743622871  0.57225361289504340  0.57929992640430106
  0.58744186412500266  0.59573994218093818  0.60287941291186231  0.61509307993908802
  0.62803816752990471  0.63929940589622902  0.64856943898398711  0.65744458911245862
  0.66723268627945420  0.67790786131021863  0.68789635380450087  0.69813041632720796
  0.70817710682755519  0.71856700991350564  0.73037035667737860  0.74334333852811341
  0.75760017588803574  0.77179493500933527  0.78411336215462957  0.79485954971845918
  0.80411518099302337  0.81419788157563178  0.82467062670588531  0.83399898028171515
  0.84415119295422480  0.85564014895256901  0.86764382282757646  0.87948688316933210
  0.89274696522597963  0.90617394913323035  0.91853843761002618  0.93054409122152448
  0.94361735419859916  0.95908025641690031  0.97150140849181554  1.00000000000000000
 -0.00000000093339517  0.00000001202012186  0.00000003498350777  0.00000006874365646
  0.00000011598257155  0.00000017340571907  0.00000023336167111  0.00000029881557743
  0.00000037021968386  0.00000046248114967  0.00000055432141283  0.00000064775685930
  0.00000074554521991  0.00000084872372092  0.00000096378241074  0.00000108409105498
  0.00000120589031011  0.00000132287601383  0.00000142184263178  0.00000151900167398
  0.00000162401242484  0.00000174261097502  0.00000189412302607  0.00000207322108292
  0.00000225943821441  0.00000246612846993  0.00000267679259565  0.00000287590963636
  0.00000306446136350  0.00000324533314864  0.00000342190308711  0.00000358682880181
  0.00000373834836182  0.00000388304545682  0.00000401495223330  0.00000413204949908
  0.00000423497128934  0.00000433673244814  0.00000444516415571  0.00000456993178169
  0.00000470131952839  0.00000484749443445  0.00000499898630317  0.00000513367427891
  0.00000525379301483  0.00000536945485821  0.00000548796064079  0.00000561587111228
  0.00000575564614921  0.00000591363971608  0.00000607650479012  0.00000623289512593
  0.00000639518367400  0.00000654416644522  0.00000669886143966  0.00000687019501857
  0.00000704946435469  0.00000722821792017  0.00000740313781552  0.00000757553902211
  0.00000775612015381  0.00000793370252992  0.00000811490521939  0.00000830243829029
  0.00000849618617095  0.00000869062724833  0.00000890217807731  0.00000908881522170
  0.00000926891097690  0.00000943647701173  0.00000960017817639  0.00000977050127080
  0.00000994163834978  0.00001013231737742  0.00001032973310691  0.00001055435471169
  0.00001079263605766  0.00001102764281540  0.00001127664304331  0.00001153379094777
  0.00001180476799468  0.00001212950146725  0.00001238897424342  0.00001265730238551
  0.00001293761575114  0.00001318323239601  0.00001339915861515  0.00001357244961070
  0.00001375014879200  0.00001393798037561  0.00001415526718025  0.00001442859611905
  0.00001456331719616  0.00001463297499801  0.00001467076022773  1.00000000000000000
  0.00837803570990382  0.01828892386501549  0.03107882830701667  0.04284584723894246
  0.05332368119757588  0.06375147499310056  0.07408117001909664  0.08443381805396918
  0.09381761971115662  0.10121633208005604  0.10879603167958836  0.11692942627571958
  0.12612554969299553  0.13588221990023858  0.14599113242745085  0.15623959037633817
  0.16720017675976462  0.17791229488520996  0.18804220891415294  0.19802510705271811
  0.20746595799509474  0.21738426944089778  0.22840107970711482  0.24004153395931596
  0.25148447853635980  0.26309389462181448  0.27387806429633038  0.28373294871316412
  0.29438745125327548  0.30628350390217945  0.31872366024595550  0.32907427681664092
  0.33927574374724412  0.34937929251208283  0.35871876912193951  0.36743780034574852
  0.37603541219022296  0.38732877041366981  0.39786354498391546  0.40800672586563197
  0.41928642379272824  0.43112573313344776  0.44302872652749148  0.45515612801074640
  0.46687034471916378  0.48107839164722138  0.49645514835355814  0.51001233950646652
  0.52269969381035308  0.53529469939054075  0.54601711491593585  0.55443127832496408
  0.56243424964375743  0.57220619151807384  0.58337028207002850  0.59591233712299285
  0.60738125023790501  0.61936779062084024  0.63158261362479329  0.64411262985682505
  0.65617622985417734  0.66713749125656852  0.67747223515784616  0.68782149801285375
  0.69884945715215230  0.71011261444694151  0.72101047697597997  0.73168609919099004
  0.74222086564724643  0.75254910954691956  0.76251530623495822  0.77235001569062245
  0.78139913695094987  0.79039457904524968  0.79935448937362774  0.80803010202783698
  0.81851105955461445  0.83325989973148540  0.84560833417539127  0.85669500592529568
  0.86810721474549513  0.87988676668665378  0.89081303489818608  0.90037546717839101
  0.90894338553018583  0.91784170107898910  0.92760078833745607  0.93767224542943406
  0.94570327753151162  0.95348040363815778  0.96128375958426548  0.96875574830576716
  0.97658221452606653  0.98414069271184179  0.99046600184447520  1.00000000000000000
 -0.00260533179298517  0.01080515323319127  0.02075596792541510  0.03194643378969680
  0.04387961849207947  0.05707075002688464  0.06918240459569321  0.07880016060970896
  0.08804734921791836  0.09824090246268395  0.11041110520082772  0.12171560490391846
  0.13198948985762918  0.14145123617148891  0.15095408857231010  0.16132670297457058
  0.17240262414694410  0.18418689818790168  0.19591855343796433  0.20700770678519922
  0.21661302629337459  0.22598658808103794  0.23586344357751621  0.24670465407242975
  0.25802323105790181  0.26926106906077429  0.28056250183083986  0.29188016138172473
  0.30328685061851562  0.31546061551937521  0.32849237552895139  0.33989713189103304
  0.35133714262921212  0.36171960291553440  0.37183697624608364  0.38317173667903137
  0.39614853586380216  0.41124471218305175  0.42808437368972707  0.44511432989788591
  0.46122147391334017  0.47465938592586399  0.48617901189575674  0.49709853147502137
  0.50833186285728182  0.51968673612872374  0.52911960697589300  0.53760301278668166
  0.54629986145400755  0.55579628488652322  0.56507376742837701  0.57473159945931684
  0.58355269229400775  0.59232921202220901  0.60133514275558708  0.61169717754904129
  0.62278910172127222  0.63313917946747567  0.64224404686915271  0.65088971273553353
  0.66027702870590188  0.67118531021277217  0.68154226019675868  0.69032888306845130
  0.69951753457601229  0.70854916205680107  0.71570002081345008  0.72239671204715994
  0.72966628825946556  0.73718933658920249  0.74451871397185065  0.75176870540513485
  0.75973692409864702  0.76630662060980981  0.77427464317902417  0.78389580244635171
  0.79632945576153835  0.80921403697568672  0.82055386045339418  0.83050520187357202
  0.84188089112240450  0.85469771911409198  0.86697689685699841  0.87794852220588138
  0.88822880305492913  0.89744722070659433  0.90591949719132281  0.91521800605025261
  0.92501705131966627  0.93479922970657237  0.94507141808114570  0.95497823293557327
  0.96493789795922669  0.97555383267580298  0.98606361274119247  1.00000000000000000
 -0.00306511522282807  0.01208836496030084  0.02227837936927846  0.03205896142705776
  0.04130978001150764  0.05053287328170879  0.05889349985431625  0.06725067471536636
  0.07618566657094081  0.08691282299519407  0.09940509154856038  0.11090953416791256
  0.12232207792024560  0.13397797093996511  0.14567407767965565  0.15803800912776664
  0.16939873365730315  0.17875795833090377  0.18871856408499832  0.19964555075955445
  0.20920147741395084  0.22002941728823672  0.23104191237360347  0.24442447389430824
  0.25974639707774622  0.27420668681645488  0.28594606795900712  0.29681470565277529
  0.30848470000734923  0.32014389225750028  0.33234529762097542  0.34503192458223308
  0.35935396796760999  0.37288897018046463  0.38577850678143183  0.39780113609498280
  0.41014963924931724  0.41973778310121895  0.42824628331952597  0.43598012786752516
  0.44319353231025277  0.45170356361825320  0.46085488463620239  0.47067677261460755
  0.48034838955996578  0.48874866438325626  0.49685404850552145  0.50511016105733209
  0.51457131519642518  0.52443414216181483  0.53461669939430967  0.54442595120781490
  0.55429128194832777  0.56420525335020355  0.57358792925292845  0.58213106788835733
  0.59074716092079238  0.59936108836313151  0.60933430276979506  0.61787892029082070
  0.62580603577429528  0.63256198870558100  0.63978288143898820  0.64747383491803812
  0.65565709958696305  0.66357628589641937  0.67155859678807250  0.67896210607454399
  0.68603615668055251  0.69798965310052674  0.71048906535784695  0.72056018094750107
  0.73050101163597536  0.74078685862941818  0.75329839266443832  0.76652732740162177
  0.78073450006547340  0.79484511826419169  0.80779261188770146  0.82065054585123820
  0.83343870616380222  0.84857470533652746  0.85896154751950726  0.86793429334627736
  0.87642434815252557  0.88580498435423349  0.89673548697233740  0.90831629744221931
  0.92009596489130541  0.93232502088912950  0.94365547181493337  0.95547276180967911
  0.96625637269378728  0.97804956819907318  0.98858233679032370  1.00000000000000000
 -0.00219677625530214  0.00898425601739748  0.01856835795379783  0.02868686365756143
  0.03862257395798296  0.04853776199869173  0.05888562723238598  0.07044160225891605
  0.08196507618707760  0.09452482340849884  0.10882308038299210  0.12583091090350701
  0.13766700584400055  0.14779144215772741  0.15773199206601554  0.16778401722971104
  0.17692937096299394  0.18654700489802473  0.19638118359424578  0.20617169207135241
  0.21613503078691906  0.22705659744642306  0.23992767689466796  0.25497457575135735
  0.26839570479093877  0.28113420655320848  0.29510149374007366  0.31058652121102948
  0.32499300985173513  0.33627906797904172  0.34444948793117669  0.35376104332020836
  0.36370119486701313  0.37342917463588404  0.38284496116599348  0.39212320032293752
  0.40386691926294987  0.41607121817887316  0.42769357836429550  0.43834460695893979
  0.44687733809345481  0.45424179259109526  0.46210236869482058  0.47022546302310159
  0.47758406195208514  0.48497100318856845  0.49290458932653558  0.50183934177236666
  0.51342511367665300  0.52543800935322560  0.53347439951375819  0.54136022497841696
  0.54941621808826713  0.55820965942432466  0.56799215990905949  0.57675103628230195
  0.58503645790142256  0.59438751938753731  0.60390208295167269  0.61431425718934052
  0.62639506894240793  0.63997181955911731  0.65293563204841476  0.66410826591467631
  0.67440527034627995  0.68394287328268666  0.69381892196376349  0.70394299143024486
  0.71327314045150492  0.72243970372802324  0.73163938395665540  0.74179857343659439
  0.75323953208296512  0.76490529695337617  0.77679772983419226  0.78973573254706353
  0.80509592764242954  0.81918718394738121  0.83074160697260035  0.84090672086073026
  0.85136636797211529  0.86199325386710612  0.87300246143137339  0.88404777649547939
  0.89439116450539191  0.90411024260825479  0.91388024349596486  0.92457167459231404
  0.93493159939788906  0.94407297811401381  0.95258863380632830  0.96045342927532273
  0.96867763598959111  0.97760670767386770  0.98870131090381008  1.00000000000000000
 -0.00150830341655843  0.00719008825249363  0.01639680446657647  0.02501897522191650
  0.03424671274659365  0.04365832230395691  0.05425890009829433  0.06579843331571701
  0.08047975514325291  0.08979725526199785  0.09874038919553371  0.10752624968909051
  0.11676178906323983  0.12580336305546574  0.13458171114875792  0.14378378776468487
  0.15452853117691304  0.16706676399542000  0.18006400616204152  0.19014783741752217
  0.19636891417673263  0.20332729991652976  0.21150787555054079  0.22020277777919325
  0.22839529158383978  0.23601259240045996  0.24309750232543517  0.25097064623161502
  0.26281281341714607  0.27391134806617073  0.28476343394715709  0.29558507611433060
  0.30740484170379212  0.32061497718159349  0.33387028307971711  0.34656674635023271
  0.35892562449824800  0.37132568109004005  0.38337547604024325  0.39471271480736286
  0.40561802496630817  0.41683030012660549  0.42848955158930635  0.43915523427520942
  0.44961055235356334  0.45872381546970697  0.46730582187951197  0.47546218609187985
  0.48501453932572752  0.49624253900439097  0.50860808043268846  0.51985724464375072
  0.53347729094247887  0.54950510680205888  0.56424950710337574  0.57831441462442912
  0.59276169441301885  0.60591502807904918  0.61707871891102484  0.62806812232045550
  0.63962357760132404  0.65099517254662420  0.66032140008924722  0.66969059350408500
  0.67897851324617919  0.68907248085827333  0.69901633305755995  0.70838086395203026
  0.71862025990857115  0.72925029648274287  0.73907499541998878  0.74880541958580493
  0.75812083862654878  0.76870441475096940  0.77922949318857582  0.78754624104468585
  0.79593510700419856  0.80433186348449504  0.81397521831119335  0.82349168231295633
  0.83340734229793034  0.84398951272881739  0.85349194670896045  0.86196984059360116
  0.87062452986318639  0.88040301731242154  0.89096022042144574  0.90290258160021808
  0.91772244425677341  0.93500336268822304  0.94885650885212192  0.96076162867091286
  0.97103875311068499  0.98098635616092833  0.99040799824547654  1.00000000000000000
 -0.00120361202751741  0.00574413953830292  0.01166980871078955  0.01811126726922562
  0.02522828309540374  0.03198989659092676  0.03848435423907304  0.04690876314198011
  0.05803187590619015  0.06917757359749632  0.08125953318356449  0.09308147362895386
  0.10474509621970814  0.11668451977536240  0.12831026144458721  0.13889343162987569
  0.14959026564067401  0.16008020031874862  0.17040406307434716  0.18100741970561277
  0.19201859026224743  0.20232370056699098  0.21119073910035324  0.21942447132703824
  0.22781511827576714  0.23746471315407455  0.24797829845910943  0.25864979803648575
  0.26828393305478082  0.27771569289990095  0.28764443376910048  0.29922787095582987
  0.31195519883031125  0.32529639710029579  0.33901520681993574  0.35294514191555110
  0.36784919468626776  0.38226539062888271  0.39484346929820274  0.40602110482049164
  0.41686832783748240  0.42779940423556495  0.43947104430743650  0.44996573914235555
  0.46095382914512756  0.47243020369057714  0.48489252692483698  0.49716506082936995
  0.50804404150609395  0.51775632317991105  0.52618745296549119  0.53409478344233607
  0.54184013614481275  0.54961963159887994  0.55754030421032996  0.56605450586686257
  0.57429234174859412  0.58208688229606331  0.59096118082573579  0.60121421405208719
  0.61010133635857200  0.61870874419948330  0.62774264574622318  0.63807646168812404
  0.64835008467607425  0.65847371037222147  0.66715761033389887  0.67697238885460453
  0.68671527019691225  0.69702633337520892  0.70874721478574176  0.72152876579595393
  0.73491513356415672  0.74988448014773412  0.76531001566305601  0.78082990772556748
  0.79641695244016431  0.81145193724344933  0.82094610987338601  0.82999265042606662
  0.83944584716376536  0.84993188651682061  0.86000945670046247  0.86979308716732240
  0.88012788200880920  0.89158786867005968  0.90271116721262101  0.91347676253226051
  0.92427862015306095  0.93470069601324579  0.94578006588910346  0.95714509001702819
  0.96746111974810112  0.97735371197763321  0.98794383607145775  1.00000000000000000
 -0.00498031129712204  0.01552036876584332  0.03146235910732482  0.04476519048156685
  0.05740168932291387  0.06964418911691773  0.08118305649270931  0.09133366568398008
  0.10083607201609662  0.11062210577448628  0.12090186768538295  0.13209211060768089
  0.14213824717977569  0.15266476839804405  0.16356084331673451  0.17433625622412918
  0.18355661786568531  0.19268989270542169  0.20183687556477220  0.21322478358026184
  0.22575344693849772  0.24024475211531174  0.25410585948581926  0.26638381235321795
  0.27572313012501498  0.28346162679943121  0.29175058464517878  0.29944138139358617
  0.30762578717267952  0.31512546552493648  0.32196502818188155  0.32915355029314747
  0.33732873146192893  0.34599477908002430  0.35542216011882172  0.36541882073117621
  0.37506886799909417  0.38526035718418461  0.39674339293971506  0.40726429198833608
  0.41668000954060896  0.42580474749654784  0.43299372299755939  0.44462441942317160
  0.45691835168368383  0.47048385189393938  0.48398669143740009  0.49760531909696137
  0.50891821052422626  0.52024291471189554  0.53211475443806810  0.54391469185682539
  0.55425641792401847  0.56430524766089807  0.57512448814022687  0.58593026124035685
  0.59746887696421969  0.60832849697402247  0.62193766722436927  0.63372075575846454
  0.64805477565422609  0.66107347287348894  0.67472969067498323  0.68823236840106272
  0.69949718219716772  0.71176622214409779  0.72368271248515614  0.73438668764011095
  0.74432908757884775  0.75300533738637698  0.76183924302074957  0.77118307973263123
  0.78084928667151443  0.79188160444927247  0.80437839503853781  0.81654007705522147
  0.82754725232696924  0.83792042809819811  0.84824927697668984  0.85755367167503083
  0.86672562165182809  0.87539094401693029  0.88584952680013729  0.89672953261368293
  0.90752210751528839  0.91656589027919999  0.92355506836530188  0.93051488765224599
  0.93853133967421387  0.94585456772753485  0.95330610069336730  0.96120139862488740
  0.96909291204902182  0.97626361248882554  0.98513918614340534  1.00000000000000000
 -0.00319700671506481  0.01276352146584111  0.02589156777023116  0.03998356015656244
  0.05256576985830802  0.06474203829668781  0.07766980402618451  0.09084324824055548
  0.10393625395872871  0.12047973512990848  0.13408774715059191  0.14649733661486403
  0.15708178530538985  0.16759096726490230  0.17881753705370101  0.18991193119483246
  0.19878893983285426  0.20668917669691597  0.21383400777197703  0.22152771062843726
  0.23062290400782431  0.23997279784935613  0.24936104975953202  0.25909135440822867
  0.26888917945021279  0.27841074797920162  0.28816119616772795  0.30069292336831582
  0.31346457886460349  0.32550382444244763  0.33786575995198237  0.35025634821047841
  0.36077487347463477  0.37122037975338112  0.38061638711133122  0.39023269253641929
  0.39952532061335866  0.41004157099749683  0.42017507393458298  0.42909497793785084
  0.43800867593935033  0.44785511458684762  0.45728102986173425  0.46538944079490402
  0.47301081578364301  0.48132495306590894  0.49036903721568781  0.50038122403339080
  0.51069110334427503  0.52269934920835970  0.53477192933131978  0.54726031103772488
  0.55891570173163585  0.56945795040893488  0.58008817213644681  0.59079987275404744
  0.60149893483599604  0.60919068402425092  0.61671438439360282  0.62495586015164617
  0.63320510642429617  0.64084265322270306  0.64770635413579070  0.65442016785228785
  0.66200141818011882  0.67247555852222529  0.68499475762021966  0.69733065683963980
  0.70952683684166939  0.72181472293121829  0.73284781078320449  0.74305044341190174
  0.75275260107757402  0.76382375657903800  0.77262946429978185  0.78210537743579112
  0.79187904042602741  0.80302203751639623  0.81429582685994095  0.82446225338714629
  0.83459610449795352  0.84608731270206838  0.85812935104536525  0.86915021342622256
  0.87901589569381300  0.88751615851923782  0.89682534257208169  0.90689834875026032
  0.91816244128490287  0.93090361871187000  0.94352363585653731  0.95577763075569377
  0.96822323509332842  0.97992305112844325  0.99043650201330857  1.00000000000000000
 -0.00338702924424757  0.01457414551441428  0.02513089741343527  0.03377843408045082
  0.04278524923295585  0.05127496127976855  0.05852225424664199  0.06551565007693172
  0.07279715730076404  0.07891553429867425  0.08688758439500152  0.09819402814809361
  0.11015911218509426  0.12057973363379140  0.13215405034642855  0.14306787581807842
  0.15358445903538914  0.16318733156612886  0.17211317223758393  0.18021500045196379
  0.18990823609172539  0.20049865705779651  0.21169539377792468  0.21908083770040432
  0.22646784918104010  0.23373793911278809  0.24155425527789395  0.25112118999764727
  0.26120157445798409  0.27327248741581578  0.28405215276100337  0.29369750196296762
  0.30285833743131191  0.31253642264908627  0.32230905849328451  0.33294121003859561
  0.34315914897461031  0.35333918166688005  0.36359031697331695  0.37362308972504210
  0.38303452090238121  0.39196221328030312  0.40120194172485385  0.41062490051843864
  0.42214487288570096  0.43409061143385924  0.44628283470796209  0.45930837070155489
  0.47403082229004517  0.49038439141048351  0.50746185687451417  0.52217258502058694
  0.53595325386061154  0.54850708120506408  0.55993355540154610  0.57008059237717601
  0.57998045788440211  0.59051671497882730  0.60104789773707823  0.61247522463733461
  0.62337781381062340  0.63331964471443314  0.64308660440019361  0.65318162999940521
  0.66397848386479552  0.67506331098808736  0.68679443159919418  0.69901259482821576
  0.71074690558554088  0.72169297483795347  0.73250840766013670  0.74502759844105748
  0.75911431292902354  0.77203642363357294  0.78339773550667491  0.79413104186873562
  0.80512893488482840  0.81490569731285756  0.82465809940521140  0.83471330622985429
  0.84683160938622126  0.85949951493570043  0.87055822315502618  0.88157465313764694
  0.89178939361572163  0.90299470833904660  0.91410282589654757  0.92325506226567355
  0.93106279982542062  0.93906077388177123  0.94987964240349332  0.96095168688897636
  0.97112486714425128  0.97985413584294923  0.98926742241207077  1.00000000000000000
 -0.00281860987761303  0.01081930301239611  0.02290500753845179  0.03438314389172906
  0.04488251198321042  0.05428248605313052  0.06277912873846959  0.07141515784774564
  0.08095267364059658  0.09109590284864987  0.10146915560330823  0.11201232594599565
  0.12212805803336280  0.13105344590994392  0.13984189630660601  0.14940344719485102
  0.16062614928793045  0.17171588025596196  0.18306411444434065  0.19499014339711415
  0.20726980997284219  0.21851523737050804  0.22790766428781845  0.23800743112448267
  0.24820106389470833  0.25635837592054178  0.26389894248926432  0.27196887218505073
  0.28040811024879730  0.28829300658227069  0.29639080570426674  0.30322292862981853
  0.31079935779861906  0.31926941775608358  0.32914018041608439  0.33855697116566930
  0.34910578574024109  0.36022777929095862  0.37225498091495779  0.38386079310446919
  0.39749443407355373  0.40965990731773566  0.42102286762945068  0.43268106129431638
  0.44315901163108357  0.45309366809594437  0.46377766270081527  0.47327676043499617
  0.48400904626364194  0.49509685951093463  0.50804436195476521  0.52239510832003888
  0.53633573642149868  0.54886437686267109  0.56032632641029778  0.57215761240040508
  0.58185896295925166  0.58971223801879225  0.59746740575585677  0.60659411199358670
  0.61821343506852577  0.63243658751607168  0.64660972412996731  0.65989573335083107
  0.67222345978804254  0.68289137492410745  0.69313986343993850  0.70205924446554313
  0.71151053992354596  0.72168761583680363  0.73228329290322802  0.74257410031290749
  0.75287166896890279  0.76347191848598495  0.77436834178178460  0.78525439824866405
  0.79637708662162277  0.80847091366218293  0.82105678872123300  0.83328291386628872
  0.84727293952050731  0.85920685874263369  0.86994597965358345  0.87959626402003366
  0.88872108412000983  0.89767996597956157  0.90678957444880404  0.91600321425162323
  0.92471671759940144  0.93291813612012586  0.94172234429779011  0.95023349006847668
  0.96086697699657231  0.97401557338442690  0.98686489118760212  1.00000000000000000
 -0.00409304722048731  0.01396351404897096  0.02640253063930750  0.03805135441737955
  0.04961285280854709  0.06077934255831983  0.07179549020226295  0.08170609536757262
  0.09237301955938287  0.10338091132261744  0.11361178603361735  0.12266275778400182
  0.13093914963226808  0.13936754618166994  0.14835503288593405  0.15746404468515210
  0.16755959319508137  0.17968221652805993  0.19308080361914978  0.20558781600472742
  0.21738015150090778  0.22809823021077927  0.23854183109623711  0.24994156635993950
  0.26206977967544987  0.27229564267192163  0.28228747967300466  0.29340131433393712
  0.30928474985338672  0.32482508629760448  0.33815615042487990  0.34985776062785079
  0.36003496266664237  0.36984661546103159  0.38005873446037924  0.39074241884259192
  0.40204799583132272  0.41284357914940689  0.42317138895705980  0.43344675131964111
  0.44437617293302978  0.45622561736234846  0.46662292626750496  0.47587641041448797
  0.48475567137439007  0.49411668984776530  0.50489523172890549  0.51542586906727494
  0.52483280765006535  0.53362635128510505  0.54195824347188604  0.54913874902610416
  0.55633165556393549  0.56348064436090328  0.57110073577806375  0.57798463787129806
  0.58576916375745047  0.59348381321171106  0.60108767730801671  0.60962200286754475
  0.61753451877652965  0.62632167534102456  0.63638524804374808  0.64867588224779649
  0.65921361435158166  0.66911685210207839  0.68060154348765300  0.69409279034243221
  0.70881429802445450  0.72244805437481607  0.73514684242646844  0.74727669402392627
  0.75840761850982863  0.76926200463839867  0.78081598883387926  0.79358845436200098
  0.80751347552204833  0.82070588844358205  0.83196136909636964  0.84208294737671530
  0.85311058120009065  0.86454481630128022  0.87551276517967436  0.88726430024334624
  0.89944657480544177  0.91081030458990242  0.92109274432818378  0.93010905953705947
  0.93890376071131643  0.94657711780099163  0.95399608760546939  0.96234995116891997
  0.97157902161868837  0.98078561920889273  0.99014817502009189  1.00000000000000000
 -0.00165709920890415  0.00848670738988388  0.01593653586084575  0.02349782827561552
  0.03108786652123572  0.03854135139408844  0.04578419877233475  0.05242130457359842
  0.05855248051336313  0.06702106516117150  0.07950488926797679  0.09158994464408084
  0.10337598206044386  0.11346798668766794  0.12223667579300521  0.13063302169404145
  0.13945144408189322  0.14915450666603186  0.16016205098071201  0.17088857088425238
  0.18219819635527215  0.19388172046424079  0.20571863660308962  0.21960010157130203
  0.23200905530770405  0.24220756032276383  0.25212339627895369  0.26184050333851838
  0.27259362870711473  0.28300209141353866  0.29184698804470005  0.30003861008288141
  0.30823686651405313  0.31737726529075222  0.32646319318914019  0.33641810192388788
  0.34738885585279766  0.35952584040596997  0.37147434775598825  0.38350475182464305
  0.39508751119011759  0.40680866448722491  0.41881811667406577  0.42988538659929626
  0.44247148876992859  0.45432078928295844  0.46425092574424470  0.47285584673335579
  0.47968203432122780  0.48604036404584433  0.49216627996328333  0.49932721686793530
  0.50882815391219727  0.51961702625900252  0.53014815472215715  0.54114946600638503
  0.55161419875566475  0.56153070311217923  0.57058306799614333  0.57906593118287120
  0.58890439137143902  0.59924398211136465  0.61070311416334078  0.62388092905025916
  0.63761268331044507  0.65326595810754406  0.67038649446693344  0.68467391400579347
  0.69562775485533301  0.70493510534093951  0.71374531398469898  0.72313353186873508
  0.73374599574555965  0.74434903357610205  0.75558254599467112  0.76810387802605284
  0.78253611694310132  0.79748145356295963  0.80760181624461314  0.81697872744899891
  0.82628767976089745  0.83658823145165762  0.84662659570972387  0.85770068931216381
  0.87048502623774759  0.88290097461874395  0.89455341972343838  0.90545756397263299
  0.91667392296974748  0.92738557460589510  0.93942870135876111  0.95226961260224219
  0.96456208022278966  0.97584164801781825  0.98783596641024995  1.00000000000000000
 -0.00224418829080149  0.00842192779072283  0.01837598440619358  0.02838669165900283
  0.04065630038952977  0.05336558634142210  0.06538104375148983  0.07751540132676564
  0.09134559586948870  0.10588624045437135  0.12100835888428932  0.13458924035079586
  0.14704583925613970  0.15841197803981319  0.16898465242151320  0.17913482351878493
  0.18852871227530085  0.19663769156496214  0.20380849553437241  0.21154405300278950
  0.22080040576906249  0.23067949785421638  0.23903204495476757  0.24707372217877377
  0.25330036221224883  0.25932034476236032  0.26594220982746153  0.27310125603223584
  0.28027305080345316  0.28756611365330836  0.29823353904027888  0.30915383150948267
  0.31888823857831067  0.32793691205968822  0.33823814176955785  0.34907951222493150
  0.35901385346602538  0.36828869118687108  0.37754176304844866  0.38835013523557965
  0.39958817054166379  0.41054215154116724  0.42101344897139703  0.43033045999756053
  0.43839309792696052  0.44592690501004406  0.45407220162426237  0.46321295542752178
  0.47247154891433513  0.48100728443379570  0.48958850076036758  0.49842759116884616
  0.50826028218136909  0.51814907478030647  0.52895776768384339  0.53874138804010963
  0.54804578954775673  0.55701522048797714  0.56768928741150937  0.58114933053171558
  0.59410464370325222  0.60513628951146903  0.61493834441405482  0.62464243748446002
  0.63546253903068550  0.64671732484918310  0.65841818558203102  0.67000808950339896
  0.68213651046094559  0.69449954049127405  0.70728712051104015  0.72037931707790592
  0.73197103133551733  0.74236096601297985  0.75214781725950142  0.76131945275340451
  0.77019148159152184  0.77954217374761670  0.79115274014821657  0.80325192196682593
  0.81681404025439552  0.83089769079089815  0.84409378929895407  0.85852825072773364
  0.87438180177525138  0.88982204169497714  0.90313720586081137  0.91288345282468053
  0.92257209980385901  0.93282109916780798  0.94443473192589944  0.95613979638963709
  0.96917622094509004  0.98001950381568348  0.99035292535612318  1.00000000000000000
 -0.00136847583532507  0.00608556868643511  0.01289097613842532  0.02087684839367956
  0.02916247544427335  0.03722347367722133  0.04523118616645263  0.05714557029309979
  0.07068314388851461  0.08527196065609514  0.09706083022393530  0.10818271770938501
  0.11874348931581709  0.12789610051784031  0.13894770114932961  0.15012095420715832
  0.16384573637307751  0.17825716810950828  0.19229973419129887  0.20572629820857408
  0.21887169417487257  0.23189991832271140  0.24426586997401703  0.25400007594236784
  0.26256580340697017  0.27146157117976505  0.28244188823778205  0.29408275006628154
  0.30477661602423800  0.31495451242167999  0.32558545056773047  0.33503920276617744
  0.34404835242165699  0.35299997856443033  0.36184718655162879  0.37337539761332417
  0.38545138271372953  0.39628064168049304  0.40696713098521675  0.42040355085834680
  0.43645771788262389  0.45080136379305347  0.46120746010274905  0.46938495233274941
  0.47742625423406604  0.48642868772980591  0.49623766103726491  0.50557412373719579
  0.51345795697130558  0.52305782670376710  0.53581541424855605  0.55064355504990781
  0.56504032160571915  0.57750967088245642  0.58962414481282477  0.60121990546203230
  0.61218656975234131  0.62257645253092309  0.63383496621930180  0.64768446017158088
  0.65999760146330066  0.67208934119103414  0.68288461789245480  0.69304106405032351
  0.70313227789062616  0.71473420574778224  0.72829451498634123  0.74337133986661852
  0.75638156956588887  0.76511684901818267  0.77432157746297070  0.78333673963475092
  0.79340133727190609  0.80322799871478678  0.81301781259835859  0.82284843097681704
  0.83314934282832032  0.84305059668910087  0.85200193331027763  0.86000311950715125
  0.86789797718542316  0.87638645707625618  0.88548424309066476  0.89349963462617799
  0.90170314063408508  0.91016181857736511  0.92027473103215440  0.92978483228266906
  0.93916889919669444  0.94805819980868467  0.95639533566921198  0.96445418871552469
  0.97251201123451070  0.98127741049207617  0.99034917410446055  1.00000000000000000
 -0.00243202925480522  0.01108305070456380  0.02191055637853751  0.03435480270357000
  0.04683199840349643  0.06042177036847987  0.07107533237041552  0.08177058830401812
  0.09212864922810436  0.10374805721550345  0.11487883536069163  0.12636799347149899
  0.13803564119787923  0.15043508631704650  0.16274421859863661  0.17359927870824118
  0.18382293025231383  0.19391027781857093  0.20408813300452994  0.21438349423909187
  0.22450828333710562  0.23410630445725097  0.24360377343250891  0.25233272056875172
  0.26230181010032672  0.27156769215363052  0.28122833140561926  0.29155165018560669
  0.30018351873618676  0.30925328018249132  0.31890055899089309  0.32899966539354220
  0.33953575641813499  0.35190551930360708  0.36235365943225811  0.37118734188630909
  0.38021818394996504  0.38986768915468345  0.40125600659025451  0.41295230361434115
  0.42410402399467539  0.43486899522233291  0.44519779150358135  0.45490844135725311
  0.46477040375151352  0.47476195467517496  0.48702924290192767  0.50125946679710875
  0.51520830944311369  0.52813861900564874  0.53968102932532525  0.55044412247368457
  0.56107714663351060  0.57139936612075692  0.58123865722243229  0.59009913487843924
  0.59771265511221927  0.60536054707146658  0.61425677999186590  0.62468968362601385
  0.63619591946168730  0.64972167814288695  0.66776808341877503  0.68124993900350883
  0.69187278731780244  0.70148585401946073  0.71162765349753088  0.72181972478000533
  0.73058668401899429  0.73830781068635187  0.74611163997729657  0.75373329596060978
  0.76067234644914983  0.76704044319641274  0.77314347444115727  0.77921380303716525
  0.78500275350677418  0.79150911741463625  0.80056702437089200  0.81014819022035434
  0.82117687733183486  0.83360180470259859  0.84423237985775201  0.85442214520398185
  0.86471308775871880  0.87681712279691637  0.88778207955224309  0.89941298089100119
  0.91131431572238042  0.92533504907111508  0.93859715861807635  0.95222713625657107
  0.96515102129559904  0.97719616403811849  0.98863406013144794  1.00000000000000000
  0.00988011772561429  0.01478747768070366  0.02177172107709848  0.02967806451097321
  0.03868291508951340  0.04835567873530512  0.05824353527821608  0.06841022445703730
  0.07907123774226438  0.09090176274774929  0.10262102050270457  0.11404883773592536
  0.12571311849395858  0.13556637597264623  0.14665422779989379  0.15749004174784459
  0.16924644133344968  0.17993135546044076  0.19067566814522857  0.20185580945992784
  0.21329155735198932  0.22579882150815439  0.23768906659476843  0.24936800476769186
  0.26275147516485298  0.27684054651024181  0.28941921187999847  0.30148680993584709
  0.31353555792517901  0.32481065525897673  0.33515094072149315  0.34481543186430558
  0.35404737939543007  0.36346495063626172  0.37397422134392305  0.38487166205257178
  0.39496606817884922  0.40440809955277901  0.41391572394388598  0.42532266590370998
  0.43890172764952134  0.45225177047155440  0.46348043200586331  0.47353614448425746
  0.48332060487439382  0.49368175900870986  0.50634013636670183  0.51936950162452822
  0.53020182642847080  0.53975092732256646  0.55082267241374394  0.56287142135439860
  0.57385871009436784  0.58422971631870735  0.59557419476343576  0.60755081706549019
  0.62003683033900614  0.63230981000274766  0.64352905214472655  0.65329699089135929
  0.66258379713912652  0.67231039458186059  0.68374013747394569  0.69314043056658770
  0.70413018260245142  0.71692734339127795  0.73069270716968004  0.74366629669140827
  0.75586899567106658  0.76952025302200355  0.78174708120940528  0.79300274171115137
  0.80411078407939263  0.81550356874845831  0.82693349552573370  0.83543905605347579
  0.84159103310174610  0.84795326014038341  0.85507370313029207  0.86071379392897052
  0.86611131572342237  0.87164874384666524  0.87751120148609274  0.88317471550745974
  0.88935018275041811  0.89578880048197806  0.90494172646324145  0.91508507495477964
  0.92777734854353322  0.94059470807120449  0.95229281098686314  0.96328857569189774
  0.97363164173824024  0.98329683732766926  0.99114040228368350  1.00000000000000000
 -0.02166583630588682  0.13278735878731154  0.17850207605531423  0.20911796881784395
  0.22777217522280921  0.24362376506846317  0.25779839531242493  0.27046496974531115
  0.28106999567754387  0.29029452105509151  0.29931078243396581  0.30822351178729379
  0.31747150636971999  0.32680014116859607  0.33444080918161995  0.34114183449802854
  0.34767401841886730  0.35363528136474776  0.35919528078205171  0.36445066757468542
  0.37030869578044179  0.37648613094653893  0.38256461709555051  0.38870313475734286
  0.39400572698014613  0.39905744854251696  0.40411139327290757  0.40930631964799724
  0.41465501511340480  0.41979762663504555  0.42450559956591744  0.42905039566726577
  0.43388688742054288  0.43848063175618518  0.44305205336048975  0.44777321068507259
  0.45234561072060220  0.45736000639624103  0.46264407863701196  0.46783513941063781
  0.47292600322083189  0.47802800864045125  0.48163952676891447  0.48523390396824356
  0.48868756456765444  0.49220439609800837  0.49595255027984231  0.49933783114640623
  0.50305681377042011  0.50650718807943751  0.50971532845210088  0.51297674196065812
  0.51635019168108043  0.52003286360951417  0.52394430340898779  0.52758443963407997
  0.53099341603314176  0.53423160367317013  0.53736191868840433  0.54029039033844906
  0.54422357923026865  0.54863898012956847  0.55336780663273410  0.55812333390833224
  0.56320427755337044  0.56828832587106626  0.57280806833178177  0.57737727464408350
  0.58211608580016427  0.58694008057385239  0.59187913422766414  0.59703633297673930
  0.60231398844830231  0.60809066355245078  0.61389891947077080  0.62021142092716675
  0.62642187681097072  0.63183339660841398  0.63709116334777316  0.64233881754806654
  0.64807619266519523  0.65543785194579762  0.66382465573226057  0.67318076882612821
  0.68174643765878562  0.68935309141787859  0.69693423444369462  0.70434624234984056
  0.71349551281814183  0.72471660523742698  0.73842604775036547  0.75362283239633898
  0.77461405529679572  0.80797353173009068  0.86005269782139826  1.00000000000000000
   1.6970206709768626E-008  -1.0000000000000000     
 T F F F F F F F F F F F F F F F F F F F F F F F F F F F F F F F F F F F F F F F F F F F F F F F F F F F F F F F F F F F F F F F F F F F F F F F F F F F F F F F F F F F F F F F F F F F F F F F F F F F F F F F F F F F F F F F F F F F F F F F F F F F F F F F F F F F F F F F F F F F F F F F F F F F F F F F F F F F F F F F F F F F F F F F F F F F F F F F F F F F F F F F F F F F F F F F F F F F F F F F F F F F F F F F F F F F F F F F F F F F F F F F F F F F F F F F F F F F F F F F F F F F F F F F F F F F F F F F F F F F F F F F F F F F F F F F F F F F F F F F F F F F F F F F F F F F F F F F F F F F F F F F F F F F F F F F F F F F F F F F F F F F F F F F F F F F F F F F F F F F F F F F F F F F F F F F F F F F F F F F F F F F F F F F F F F F F F F F F F F F F F F F F F F F F F F F F F F F F F F F F F F F F F F F F F F F F F F F F F F F F F F F F F F F F F F F F F F F F F F F F F F F F F F F F F F F F F F F F F F F F F F F F F F F F F F F F F F F F F F F F F F F F F F F F F F F F F F F F F F F F F F F F F F F F F F F F F F F F F F F F F F F F F F F F F F F F F F F F F F F F F F F F F F F F F F F F F F F F F F F F F F F F F F F F F F F F F F F F F F F F F F F F F F F F F F F F F F F F F F F F F F F F F F F F F F F F F F F F F F F F F F F F F F F F F F F F F F F F F F F F F F F F F F F F F F F F F F F F F F F F F F F F F F F F F F F F F F F F F F F F F F F F F F F F F F F F F F F F F F F F F F F F F F F F F F F F F F F F F F F F F F F F F F F F F F F F F F F F F F F F F F F F F F F F F F F F F F F F F F F F F F F F F F F T F F F F F F F F F F F F F F F F F F F F F F F F F F F F F F F F F F F F F F F F F F F F F F F F F F F F F F F F F F F F F F F F F F F F F F F F F F F F F F F F F F F F F F F F F F F F F F F F F F F F F F F F F F F F F F F F F F F F F F F F F F F F F F F F F F F F F F F F F F F F F F F F F F F F F F F F F F F F F F F F F F F F F F F F F F F F F F F F F F F F F F F F F F F F F F F F F F F F F F F F F F F F F F F F F F F F F F F F F F F F F F F F F F F F F F F F F F F F F F F F F F F F F F F F F F F F F F F F F F F F F F F F F F F F F F F F F F F F F F F F F F F F F F F F F F F F F F F F F F F F F F F F F F F F F F F F F F F F F F F F F F F F F F F F F F F F F F F F F F F F F F F F F F F F F F F F F F F F F F F F F F F F F F F F F F F F F F F F F F F F F F F F F F F F F F F F F F F F F F F F F F F F F F F F F F F F F F F F F F F F F F F F F F F F F F F F F F F F F F F F F F F F F F F F F F F F F F F F F F F F F F F F F F F F F F F F F F F F F F F F F F F F F F F F F F F F F F F F F F F F F F F F F F F F F F F F F F F F F F F F F F F F F F F F F F F F F F F F F F F F F F F F F F F F F F F F F F F F F F F F F F F F F F F F F F F F F F F F F F F F F F F F F F F F F F F F F F F F F F F F F F F F F F F F F F F F F F F F F F F F F F F F F F F F F F F F F F F F F F F F F F F F F F F F F F F F F F F F F F F F F F F F F F F F F F F F F F F F F F F F F F F F F F F F F F F F F F F F F F F F F F F F F F F F F F F F F F F F F F F F F F F F F F F F F F F F F F F F F F F F F F F F F F F F F F F F F F F F F F F F F F F F F F F F F F F F F F F F F F F F F F F F F F F F F F F F F F F F F F F F F F F F F F F F F F F F F F F F F F F F F F F F F F F F F F F F F F F F F F F F F F F F F F F F F F F F F F F F F F F F F F F F F F F F F F F F F F F F F F F F F F F F F F F F F F F F F F F F F F F F F F F F F F F F F F F F F F F F F F F F F F F F F F F F F F F F F F F F F F F F F F F F F F F F F F F F F F F F F F F F F F F F F F F F F F F F F F F F F F F F F F F F F F F F F F F F F F F F F F F F F F F F F F F F F F F F F F F F F F F F F F F F F F F F F F F F F F F F F F F F F F F F F F F F F F F F F F F F F F F F F F F F F F F F F F F F F F F F F F F F F F F F F F F F F F F F F F F F F F F F F F F F F F F F F F F F F F F F F F F F F F F F F F F F F F F F F F F F F F F F F F F F F F F F F F F F F F F F F F F F F F F F F F F F F F F F F F F F F F F F F F F F F F F F F F F F F F F F F F F F F F F F F F F F F F F F F F F F F F F F F F F F F F F F F F F F F F F F F F F F F F F F F F F F F F F F F F F F F F F F F F F F F F F F F F F F F F F F F F F
  <DiscreteSampler_grid>
  grouped_processes
  1 # 1 for a reference and 2 for a running grid.
  10 # Attribute 'min_bin_probing_points' of the grid.
  1 # Attribute 'grid_mode' of the grid. 1=='default',2=='initialization'
  0.0000000000000000 # Attribute 'small_contrib_threshold' of the grid.
  0.5000000000000000 # Attribute 'damping_power' of the grid.
 # binID   n_entries weight   weight_sqr   abs_weight
    37   10   1.478714521119745E+014   1.925568879616644E+029   1.478714521119745E+014
    40   10   1.580396715749926E+013   2.199493181447861E+027   1.580396715749926E+013
    43   10   1.580396715749895E+013   2.199493181447769E+027   1.580396715749895E+013
    46   10   8.445354879120857E+011   6.280962351498112E+024   8.445354879120857E+011
    49   10   4.222677439560400E+011   1.570240587874511E+024   4.222677439560400E+011
    52   10   8.445354879120632E+011   6.280962351497780E+024   8.445354879120632E+011
    55   10   4.513045257781710E+010   1.793617202075941E+022   4.513045257781710E+010
    58   10   4.222677439560358E+011   1.570240587874478E+024   4.222677439560358E+011
    61   10   4.513045257781757E+010   1.793617202075980E+022   4.513045257781757E+010
    64   10   1.205844975747571E+009   1.280481591652708E+019   1.205844975747571E+009
  </DiscreteSampler_grid>
