  0.00000005194784897  0.00000058420963825  0.00000100598904716  0.00000140736075464
  0.00000178889952813  0.00000211856268547  0.00000250257421440  0.00000285571584849
  0.00000322202327103  0.00000362970694768  0.00000405696813322  0.00000450570405834
  0.00000496265595064  0.00000539995895989  0.00000582902695583  0.00000627822561303
  0.00000671576129230  0.00000714168887906  0.00000756160613356  0.00000798259317401
  0.00000842376482041  0.00000886921462709  0.00000930790079682  0.00000973148481036
  0.00001015169506545  0.00001057981302440  0.00001103290917768  0.00001147838800045
  0.00001189657833962  0.00001229775333222  0.00001269435086514  0.00001310707070882
  0.00001353294768672  0.00001392811196357  0.00001428926965531  0.00001463290671988
  0.00001497087187344  0.00001530112629978  0.00001563651704607  0.00001596746354361
  0.00001629909871377  0.00001663578515762  0.00001696999393961  0.00001728648780626
  0.00001758591782685  0.00001786963092855  0.00001815768679602  0.00001845485145374
  0.00001875709450277  0.00001906066081567  0.00001937223600687  0.00001969334988924
  0.00002001653114732  0.00002033833223589  0.00002067021717304  0.00002100354494427
  0.00002132667597263  0.00002164742986861  0.00002196407965965  0.00002226606265684
  0.00002256402360320  0.00002286729403031  0.00002316229436083  0.00002345480663994
  0.00002373548032285  0.00002400697686347  0.00002428280343510  0.00002455987587258
  0.00002482739616523  0.00002506044856604  0.00002526812359107  0.00002547758713729
  0.00002569935948415  0.00002592598433245  0.00002615540943002  0.00002638854414262
  0.00002662176041666  0.00002685201309308  0.00002707680003409  0.00002729176178423
  0.00002749798361021  0.00002770089496667  0.00002790373644354  0.00002810721998700
  0.00002828554117230  0.00002865051796822  0.00002989433433447  0.00003881799611307
  0.00004362439799018  0.00004727816916029  0.00005023383095838  0.00005300627615280
  0.00005618954264625  0.00006300214567969  0.00009632292693026  1.00000000000000000
 -0.00000002621973563  0.00000020263026326  0.00000053803426429  0.00000092793164826
  0.00000130703146700  0.00000170964227358  0.00000206466685726  0.00000240772169675
  0.00000275752407833  0.00000312901028603  0.00000353910968944  0.00000398033685979
  0.00000440721409014  0.00000478561713852  0.00000515769282857  0.00000556271730381
  0.00000599416551060  0.00000640583660904  0.00000679277987708  0.00000718256354446
  0.00000756980384825  0.00000794817857780  0.00000832563914581  0.00000871959285397
  0.00000911575720529  0.00000950220029084  0.00000989444234633  0.00001025356821906
  0.00001059521335033  0.00001095545648713  0.00001131200561892  0.00001165731191026
  0.00001202802775707  0.00001241275231890  0.00001280172564895  0.00001318570841269
  0.00001359103035572  0.00001398995570023  0.00001437893925138  0.00001476196605726
  0.00001515164582522  0.00001554939749684  0.00001592611751851  0.00001626701274635
  0.00001660154320579  0.00001693647795398  0.00001729874754951  0.00001765258884312
  0.00001798316646285  0.00001829942435702  0.00001861582601881  0.00001891486638484
  0.00001925408884784  0.00001960519449398  0.00001995232432451  0.00002029833314771
  0.00002064239595074  0.00002098049335252  0.00002130938910018  0.00002163198109352
  0.00002194861382385  0.00002226302056942  0.00002258215191844  0.00002290022772891
  0.00002320889817664  0.00002350602150109  0.00002379550689335  0.00002407750293999
  0.00002435020838374  0.00002459881530154  0.00002485248656119  0.00002510476527927
  0.00002535120614143  0.00002559288163614  0.00002583247250272  0.00002607270846554
  0.00002631609854213  0.00002655545009672  0.00002679038359279  0.00002702007832094
  0.00002723671602414  0.00002744121485246  0.00002763873187764  0.00002783159238627
  0.00002802395272976  0.00002822469365716  0.00002857278463839  0.00003523569895233
  0.00004270020608309  0.00004894325651112  0.00005048867964705  0.00005234191152644
  0.00005524192808740  0.00006128075042140  0.00008985763131830  1.00000000000000000
  0.00810880291036246  0.01948072011040982  0.03269698665250985  0.04535608341988430
  0.05732962976170800  0.06881884920932897  0.08004038424770250  0.09107620715361375
  0.10185082436707985  0.11257428407527603  0.12350485659230874  0.13483604898374349
  0.14654996112934390  0.15838467647878210  0.16984958032219899  0.18048109503687790
  0.19024540836322165  0.19954337063129840  0.20903803443168650  0.21890876422638780
  0.22807703483492747  0.23709306954657366  0.24630072676489137  0.25694142942191817
  0.26845409046511065  0.27951416903260318  0.29052852231909876  0.30112236962725586
  0.31144002567696399  0.32141159301073730  0.33105500625124112  0.34109047366370099
  0.35120750653744670  0.36078195821846321  0.37021803288582128  0.37987281364702624
  0.38935996284977881  0.39873180003133585  0.40859986584020885  0.41901427245095763
  0.42936685988099815  0.43906638936588005  0.44845321413071915  0.45876986948815723
  0.46906079746886686  0.47802013869789983  0.48636256193251221  0.49456240646788358
  0.50435805729216210  0.51432176310568367  0.52564419158176146  0.53744756835212459
  0.54931838000220534  0.56088140169276668  0.57263302934330940  0.58471584547742605
  0.59644441285634864  0.60713763133390275  0.61790631388944783  0.62872209292054015
  0.63997366138794121  0.65039690010905826  0.65962846991411661  0.66913645309700232
  0.67923580064148370  0.69074254518270251  0.70311328839629239  0.71493275730888406
  0.72612256176495193  0.73706673622869578  0.74811301593860746  0.75961706301743126
  0.77123899617297331  0.78229899301151007  0.79291884610131136  0.80343002388154172
  0.81387799994312915  0.82401112084688577  0.83398400252378768  0.84409084007563961
  0.85418114157686198  0.86396073110307037  0.87322033347366546  0.88241171712193656
  0.89224037295227965  0.90227650639878465  0.91201669915017292  0.92193389524558111
  0.93275877922878636  0.94385451472574822  0.95433277482684897  0.96389959921121948
  0.97339996994839051  0.98527489309958116  0.99029962808733607  1.00000000000000000
 -0.00000001110101908  0.00000007604493489  0.00000018210383876  0.00000031114338134
  0.00000044232523474  0.00000057366107808  0.00000071763258398  0.00000085102874844
  0.00000097444027072  0.00000111073862056  0.00000126148889444  0.00000141140584904
  0.00000157637098823  0.00000175117481121  0.00000191801641271  0.00000206479016346
  0.00000220442482654  0.00000234779822674  0.00000249332733592  0.00000264506872102
  0.00000279708170528  0.00000294797493520  0.00000309931610956  0.00000323810756819
  0.00000336478242632  0.00000349417763303  0.00000363028981274  0.00000377493033007
  0.00000392276122959  0.00000407557323431  0.00000423076920555  0.00000438420306764
  0.00000453838057125  0.00000469406201380  0.00000484955031350  0.00000500079016931
  0.00000514310189795  0.00000527553521621  0.00000540256402159  0.00000553322213037
  0.00000567207747994  0.00000581486678385  0.00000595466735109  0.00000609051213936
  0.00000622578638935  0.00000636553082084  0.00000651484022210  0.00000667496841752
  0.00000683507669558  0.00000699598278540  0.00000715761214770  0.00000731694599226
  0.00000747132283800  0.00000762488733521  0.00000778102571369  0.00000794001665500
  0.00000809698335677  0.00000825141715671  0.00000840798831247  0.00000857322701106
  0.00000874497857448  0.00000891559536744  0.00000908788914125  0.00000926102909946
  0.00000943554421545  0.00000961266539857  0.00000979562391775  0.00000998662994539
  0.00001017074427458  0.00001034411876522  0.00001051938322963  0.00001070326453864
  0.00001089820707699  0.00001110492290286  0.00001131467634110  0.00001153049833845
  0.00001175749452772  0.00001199228569266  0.00001222576554899  0.00001245496979085
  0.00001269479424699  0.00001290862774246  0.00001306923373670  0.00001323732080581
  0.00001341513262164  0.00001360373213673  0.00001380248379179  0.00001400877216765
  0.00001425543772828  0.00001457250639253  0.00001491263782521  0.00001527808351249
  0.00001567009910502  0.00001605470871475  0.00001643077746947  1.00000000000000000
  0.02518537956501418  0.02900618929153673  0.03435643222281802  0.04033762347309711
  0.04657492734260189  0.05328365083835962  0.05963821640122103  0.06637700344862273
  0.07381684745500218  0.08161281319544868  0.08969262348850038  0.09808607696247461
  0.10689207449017146  0.11544806798992746  0.12423515382535015  0.13341208893199033
  0.14202918795691813  0.14989469649726786  0.15787453379878752  0.16604334344332114
  0.17484993319353953  0.18439282939027477  0.19451277779938098  0.20482979007484048
  0.21475913132502156  0.22484517223567108  0.23526683746941529  0.24489591438342223
  0.25434705851156558  0.26324744230944480  0.27169112166794385  0.28032790740325358
  0.28971997264736382  0.29987709049291361  0.31039466433072449  0.32100185000154768
  0.33148234211122657  0.34042330720793790  0.34935974055247754  0.35863564945920645
  0.36939851080712505  0.38023780462314377  0.38990078267898531  0.39912981303873624
  0.40874000483022260  0.41773711617954634  0.42813069061553072  0.43850011259239885
  0.44820363504823280  0.45747871183593675  0.46672750793627316  0.47560374376313397
  0.48550959141060557  0.49446364761075345  0.50324952066181039  0.51277032778427500
  0.52247638512819805  0.53265393815991424  0.54320975084288925  0.55451170790319704
  0.56567207842403477  0.57641155131298494  0.58729721604668039  0.59776419969356775
  0.60853460331237696  0.61841142744741762  0.63127072175833832  0.64355083120217305
  0.65519459254019219  0.66714338157411268  0.67886969480023363  0.69162564019911332
  0.70402418884527995  0.71541368278620232  0.72647863535728729  0.73809908239942523
  0.75032131775439814  0.76212504712138085  0.77348692607872227  0.78461837804668333
  0.79590962807115617  0.80742115849147333  0.81907091906279428  0.83115022333918032
  0.84336790707912346  0.85517586557160008  0.86599004246512157  0.87645491385305385
  0.88657490288679763  0.89759090133394681  0.90958051894415048  0.92455370500870460
  0.94155391171358560  0.95872582910522308  0.97275464786642341  1.00000000000000000
  0.00834324169156245  0.01888042481696715  0.03186640488682241  0.04424450163486020
  0.05572946186057275  0.06648930662952388  0.07673953171273594  0.08641296998576160
  0.09599844755805162  0.10521125230154817  0.11488588668969107  0.12429947350605865
  0.13397159272889239  0.14297171370735318  0.15295858433329307  0.16251135909756698
  0.17197938882363864  0.18201153900976222  0.19367484227637560  0.20586121694868817
  0.21824308751273119  0.23014907431544343  0.24098936216138617  0.25152203480058111
  0.26211115341171654  0.27290144014765721  0.28395603820085080  0.29534928769468721
  0.30659032702991706  0.31712033082383695  0.32722418014554355  0.33691385840918042
  0.34563706177244991  0.35418724995780765  0.36253008295543504  0.37204791305074775
  0.38267905941267255  0.39382316317073368  0.40505994292732739  0.41561619762698554
  0.42515892590806870  0.43474711992357384  0.44590312666297943  0.45771230742419405
  0.46706264789073637  0.47594991712626383  0.48503430742550679  0.49442984450380284
  0.50402448394229815  0.51490105082835647  0.52718278297187160  0.53920272408702774
  0.55055293060687771  0.56085038470024362  0.57004876504746926  0.57789600266898067
  0.58591305082417811  0.59494367279742610  0.60513947287562242  0.61549384033116894
  0.62633333519450451  0.63741167676236854  0.64838671596487862  0.65926160068612916
  0.66986518410521700  0.68014106291142040  0.69057065717232202  0.70132935913259908
  0.71125422899863244  0.71981275260928401  0.72839998378012505  0.73796704250987044
  0.74852321316629189  0.75975572055132523  0.77115667523025344  0.78227033672409274
  0.79288737335587400  0.80312409998556400  0.81321277657121771  0.82328942162399277
  0.83356011943021469  0.84416091366721013  0.85477218215891504  0.86521734339948853
  0.87575985114924892  0.88675427306604693  0.89843923256090474  0.91070166397853292
  0.92333018486576834  0.93602880242086672  0.94757406932906352  0.95996168045142960
  0.97142768944177960  0.98237978331616438  0.99113732914349584  1.00000000000000000
 -0.00230937254367998  0.00866063250422460  0.01951706223729803  0.02909310472341094
  0.04014954545690834  0.04997029173063230  0.05888123359346391  0.06853615871215289
  0.07900388947019522  0.09152279560415237  0.10410449254862385  0.11601746506595692
  0.12798493017057447  0.14003537386354747  0.15160874328389842  0.16287996639366056
  0.17416392260396488  0.18530382458000114  0.19658780919375762  0.20817160715137659
  0.21983444751833142  0.23151148047374889  0.24291675156242992  0.25378891059976882
  0.26440651983203417  0.27521991071163376  0.28642293120131695  0.29806504811139839
  0.30955566178766558  0.32050345673241715  0.33144540636464398  0.34208721867986902
  0.35427549561998001  0.36571089406700857  0.37596802845882032  0.38521204399510284
  0.39486395989243778  0.40486047813989717  0.41493625123372568  0.42527579097043133
  0.43500049332383178  0.44483799326493234  0.45504925485201075  0.46494476783074773
  0.47492133379314783  0.48498031976372585  0.49512356553161407  0.50488676156210843
  0.51408826236559335  0.52338310868955240  0.53235888116604868  0.54149846211470598
  0.55162262038761056  0.56201587507714168  0.57208794876398417  0.58246924175773129
  0.59357624642389117  0.60464532743459265  0.61487757459092851  0.62508554565115215
  0.63595427466330845  0.64619910070744280  0.65604656513624393  0.66588512517678611
  0.67565278752668700  0.68508691961058743  0.69382731398651598  0.70265020347968477
  0.71203135895667957  0.72299495651041001  0.73459099554428864  0.74535410952070325
  0.75523242383783762  0.76545154002327032  0.77623046560037001  0.78737382774440079
  0.79799419561127616  0.80826353064349299  0.81829996407847383  0.82822847563258184
  0.83867669841413928  0.84874422697244079  0.85771866649632555  0.86744359970279639
  0.87831195078599555  0.88882229406612612  0.89800341167614861  0.90694085259577573
  0.91630349352073470  0.92703698467831219  0.93880037940636996  0.95120694417510188
  0.96362040870472199  0.97560373536566747  0.98791968097777727  1.00000000000000000
 -0.00186646319714720  0.00820557733513275  0.01703379940816756  0.02568621214634581
  0.03481245987921724  0.04456139985147370  0.05380660034536276  0.06318312535541870
  0.07415826248256747  0.08603237549019373  0.09811161447957990  0.11010201542200529
  0.12155098016178995  0.13225201708683482  0.14270191514971303  0.15381081048781794
  0.16542451236969166  0.17708561267845746  0.18725213397763382  0.19662097616031049
  0.20652721141132035  0.21649509367854280  0.22735000319891649  0.23900460701476828
  0.25144813705278957  0.26427462927218459  0.27652975201576629  0.28797229870004210
  0.29861921457351354  0.30790611634351922  0.31633915742908791  0.32496193852302191
  0.33553791261618648  0.34754394890142221  0.36044892956808838  0.37220341287032416
  0.38289187505140987  0.39347560230496964  0.40401204401692620  0.41491200621906732
  0.42543220316626684  0.43571675856797132  0.44612012383392996  0.45633339035453707
  0.46615694447798117  0.47619192347596573  0.48665196837034735  0.49748649782630949
  0.50761109038475938  0.51744317371680881  0.52812632662364967  0.54017184934266838
  0.55276910830982662  0.56467967607251879  0.57508753345625796  0.58536248920810641
  0.59568926878155248  0.60651075706390645  0.61711905304303249  0.62658533129647054
  0.63454764175569156  0.64219827404128849  0.65123860225046182  0.66001513047702198
  0.67031150240428283  0.68024154798327574  0.68952513979537167  0.69865110630573291
  0.70838349153701774  0.71925986497923033  0.73045938602111882  0.74152299045957593
  0.75274707783754691  0.76465222628444629  0.77693644681726604  0.78795994711309392
  0.79803719697977749  0.80857063316260624  0.81870025085536902  0.82866534621626498
  0.84163599014339818  0.85423778088027780  0.86649334141486090  0.87819290211165169
  0.88966222839395759  0.89948646721827274  0.90792839571307238  0.91692313008166237
  0.92615756579282615  0.93547360852723249  0.94564031843363194  0.95663462210039085
  0.96770298454681092  0.97875962000578975  0.98927534375952075  1.00000000000000000
 -0.00192845652583856  0.00817614818716001  0.01840046170528959  0.02938121802759630
  0.04049363640335466  0.04983966899028452  0.06030415447410617  0.07226736628143193
  0.08403798492446055  0.09480535997047275  0.10529087686186837  0.11603223156124429
  0.12698194231434057  0.13802093631863793  0.14934553070279616  0.16006045572669847
  0.17031406223930529  0.18090675571014586  0.19145022148982008  0.20216760976330336
  0.21279230082700290  0.22291170400532209  0.23273019942265977  0.24277922117418890
  0.25323700926881298  0.26432390859582422  0.27615469523607850  0.28788220992155816
  0.29891664328549272  0.31045510964922052  0.32226379916400244  0.33317048179526698
  0.34382115683413123  0.35483456188261786  0.36598377154730510  0.37744944268017572
  0.38885553050461708  0.39971527663762907  0.41035980953045531  0.42140172762463762
  0.43275206746993600  0.44449847846804452  0.45623817683777224  0.46794295576729922
  0.47972445979432049  0.49117276735921117  0.50183912384036067  0.51142105895439161
  0.52056840425071871  0.53063781656937659  0.54143715893307687  0.55166539889306798
  0.56127948991415133  0.57079787663118919  0.58017791430948185  0.58914809233032239
  0.59851294929723953  0.60931051408034265  0.62107219949404502  0.63270803388450225
  0.64327312490727051  0.65230022561688084  0.66068011918102265  0.66933911547446689
  0.67845044526602361  0.68827850806236035  0.69793984375939466  0.70767816444999654
  0.71876712034687995  0.72992935691633110  0.74047585031328567  0.75053110364345876
  0.76080713876516848  0.77124243396864844  0.78060939537634533  0.78922127975506795
  0.79876142115973303  0.80986100142008299  0.82185698053812561  0.83319554932513573
  0.84362714280407458  0.85401571000278165  0.86497539219858310  0.87607229995888658
  0.88672036749872252  0.89702320234625332  0.90693089783407499  0.91617390343573835
  0.92483940910923079  0.93300891992918533  0.94246077859550503  0.95244300926098813
  0.96327470302636387  0.97453873736911456  0.98682066051182415  1.00000000000000000
 -0.00172384938822260  0.00740028351469879  0.01722120994809930  0.02716539252309150
  0.03842005673444761  0.04996964196787192  0.06095857251922177  0.07104329970047110
  0.08122309561930816  0.09084439642541606  0.10077344888801498  0.11130104424831208
  0.12248305572272199  0.13377866823538637  0.14434001859605053  0.15436299611668694
  0.16421170330557927  0.17395821286790722  0.18407979115415252  0.19432397302419852
  0.20378913553335942  0.21265668924227632  0.22158366336965146  0.23100310264223992
  0.24046068545241700  0.25040268989980352  0.26202017159098262  0.27484373998758432
  0.28756656213533538  0.29938279938345058  0.31014168718550750  0.32037097815003629
  0.33108717607078553  0.34204010484450242  0.35505055833214699  0.36819218910801160
  0.38147676677421000  0.39415188057758521  0.40622657239843374  0.41847129041577585
  0.43092671410265082  0.44338518306135866  0.45548448545251674  0.46675952389891118
  0.47756469486327924  0.48838620925493814  0.49906436382036001  0.50915492191347544
  0.51936735138002443  0.53023879615965508  0.54027596545717871  0.55009194782502113
  0.56016671154389097  0.57128516424005671  0.58213957158388863  0.59225806725285435
  0.60301540396162445  0.61322394730246621  0.62404393206197317  0.63454820216602614
  0.64469359636944601  0.65429027931471473  0.66466046997360284  0.67595865292439217
  0.68601836700244678  0.69490101452513109  0.70286808487581520  0.71173514402077831
  0.72151204204929775  0.73171668109018162  0.74119316894074605  0.75087476003223830
  0.76064865168950158  0.76995111256033377  0.78009109088292994  0.79091987981797307
  0.80133834643874602  0.81164701396549555  0.82153194321298306  0.83154757759273668
  0.84131814324702381  0.85079661477044077  0.86112200050919274  0.87182312484100954
  0.88292992830712225  0.89436523294975734  0.90555924818690625  0.91489343139380519
  0.92370835903211190  0.93213391161191184  0.94069825835727605  0.95351844624812632
  0.96459285668061046  0.97619366522234363  0.98788514928726501  1.00000000000000000
 -0.00277827839858146  0.01045454950232737  0.02106256428953408  0.03162842253524146
  0.04172378972897602  0.05084043267962624  0.05996147802258767  0.06983446920371507
  0.07988234160144446  0.08935516226896610  0.09866766696290497  0.10860489789684051
  0.11934999139481040  0.13033124767910007  0.14100085879223162  0.15071755574251619
  0.15977285980201447  0.16997877755019947  0.18154709644601275  0.19321237137508049
  0.20394348912503038  0.21426301610268367  0.22446543794063109  0.23472433182074176
  0.24524944627469822  0.25531891442866883  0.26506561028616893  0.27479895511495817
  0.28462114081365802  0.29443474085376142  0.30333076524372704  0.31218017019372840
  0.32274970476832604  0.33496812883657034  0.34730833751646978  0.35874624032898289
  0.36979791518004357  0.38022231204462720  0.39047426751315284  0.40071140753198431
  0.41038751720676236  0.42010392245886413  0.42930312689751404  0.43863147474641923
  0.44820469980678163  0.45820595889436067  0.46929480846228211  0.48127431488170586
  0.49332951707014333  0.50568974041880010  0.51857892757779467  0.53120275524195060
  0.54330215491649914  0.55509140035663007  0.56661715310237948  0.57815896393050303
  0.58987617082957466  0.60174277596777415  0.61305668942427194  0.62398212623040850
  0.63451616860381743  0.64512967651024378  0.65639071163093055  0.66729874192728533
  0.67718487733499544  0.68611267618701743  0.69384629134025311  0.70236581205220749
  0.71200295988522810  0.72129743678496028  0.73001163299928551  0.73851489764634914
  0.74729187203546898  0.75702546950472904  0.76724514963440227  0.77745828212449897
  0.78777290566037517  0.79906148446497649  0.81099529229426215  0.82275733238740922
  0.83436247181549017  0.84523244202794456  0.85652418796447871  0.86785556363565375
  0.87871558672782935  0.88943428457649798  0.90043690811907007  0.91146967086333885
  0.92264850378468655  0.93358698065421952  0.94398469506708049  0.95460733012990262
  0.96568360062948910  0.97789767176932618  0.98848215098796954  1.00000000000000000
 -0.00219186929470859  0.00872726382135757  0.01883648786773378  0.02793490580190125
  0.03855103822323421  0.04834759318039055  0.05855234044849885  0.06973447277918808
  0.08128434386398709  0.09166437809831277  0.10150691166300935  0.11135460318695360
  0.12059145968795909  0.12952622258306390  0.13916561642431846  0.14904663939230384
  0.15933484461589711  0.16983381207276618  0.18073326889703056  0.19170708087422828
  0.20270755213691702  0.21375520362485265  0.22421837068658707  0.23470781659795314
  0.24526811210511060  0.25614920072123726  0.26710313235687355  0.27704022468609185
  0.28731545733858033  0.29865702637459096  0.31076968410302341  0.32143185647253114
  0.33115401020891277  0.34080786880316949  0.35112413498702361  0.36276051127766262
  0.37516831411370932  0.38697701433943460  0.39839281430177792  0.40945751939075825
  0.41983676279127924  0.43005619400759398  0.44026226788785255  0.45098004790008583
  0.46240405292722175  0.47269708712379493  0.48218728821322115  0.49109225347040480
  0.49989348708100845  0.50908834133408087  0.51934161483178964  0.52884095664530006
  0.53780557640606708  0.54655264336568010  0.55567323598726281  0.56635641136631121
  0.57725126162161056  0.58769288417390941  0.59804903554380084  0.60832351886104408
  0.61887399698626133  0.63003740278326537  0.64144603322151938  0.65299911578350889
  0.66474008165109855  0.67659547150506327  0.68873411840101662  0.70082107506886693
  0.71269402145910177  0.72396353918786760  0.73499172107236976  0.74529880614328592
  0.75490367731974861  0.76443882072061942  0.77448030161076553  0.78531551301377767
  0.79614083795360080  0.80636130055646427  0.81653849357891961  0.82698657455593194
  0.83727390940590762  0.84756497853925794  0.85780818173906215  0.86778015456730706
  0.87784867029968605  0.88729110336781281  0.89710820214367293  0.90737055500296782
  0.91897721666831167  0.93178094368917230  0.94483330611831928  0.95667132528284538
  0.96781981701559572  0.97866244369683986  0.99004168763052169  1.00000000000000000
 -0.00285763804987448  0.01027076542790126  0.02125362976804377  0.03179428504227884
  0.04265810513473561  0.05292277727167233  0.06311096529570284  0.07304412982579259
  0.08224530152463799  0.09451690038165819  0.10576562689355234  0.11605354071415161
  0.12601015868172755  0.13539180081464902  0.14501803594417226  0.15560449088703526
  0.16598437403688820  0.17584047503564751  0.18592200413951959  0.19658696384242580
  0.20742860149488887  0.21901931380129197  0.23094973169553107  0.24328732949120038
  0.25404591099224433  0.26290879838907905  0.27342614612817018  0.28355562288605174
  0.29373120394055996  0.30435553389504066  0.31386503904151869  0.32287682254419603
  0.33244907970240023  0.34348422564433301  0.35510371002158392  0.36619300755715450
  0.37665816427467907  0.38683169245836524  0.39692307145980754  0.40757204201176406
  0.41847582704799885  0.42867079935923003  0.43840375700175954  0.44790751601521367
  0.45777782142104817  0.46883942833809850  0.48064619662950475  0.49227088732859625
  0.50320144828181890  0.51351776146677897  0.52322763898439661  0.53306627936578443
  0.54362765663525936  0.55506320358362315  0.56665026690970643  0.57757974979111515
  0.58790884709035129  0.59821408319875258  0.60806046647616052  0.61836034194310996
  0.62875333472504402  0.63914902063908285  0.64912489263734940  0.65951582274629761
  0.67005385578716570  0.68009202427875948  0.68941032334763064  0.69867859687917733
  0.70862607181602077  0.72016267806397039  0.73240964762856031  0.74513864844389810
  0.75801704236495315  0.77035810023627060  0.78067278278822494  0.78973496938977050
  0.79901223235358276  0.80846556947602355  0.81814423596451780  0.82779836996611444
  0.83720345678458463  0.84775410062532019  0.85945348612918360  0.87131547545998900
  0.88221050140382373  0.89220043317390341  0.90246153937487084  0.91307401175906344
  0.92378432742520933  0.93472596373281969  0.94528861687163646  0.95574795111662192
  0.96684426683746649  0.97807761572347396  0.98868709229641460  1.00000000000000000
 -0.00285984096808222  0.01009494259784749  0.02220125874731313  0.03407624108756005
  0.04550043511527479  0.05625505583551595  0.06666947915739561  0.07718349628700380
  0.08724163481407524  0.09625437758084868  0.10525937327679323  0.11413877927683601
  0.12304442098956486  0.13313298837718532  0.14307838409235119  0.15277773026458133
  0.16189291269694714  0.17071553620133839  0.18020021197976038  0.19003276371090186
  0.19981292817187296  0.20927829200751788  0.21845187746025896  0.22783970828929412
  0.23770749778325151  0.24803820396576734  0.25842064472226250  0.26898426771465422
  0.28020516544765617  0.29086093801603979  0.30005922654259759  0.30882233647072843
  0.31805320613979249  0.32765933118250823  0.33697345741822343  0.34500962475790814
  0.35446555689998971  0.36583365946988305  0.37816921107144158  0.39021603041708952
  0.40183692832846246  0.41326639262603143  0.42523367124389516  0.43830265936630874
  0.45170831089243774  0.46402894996829391  0.47477063802616515  0.48487374329849320
  0.49481264771809264  0.50462425093128283  0.51498556356179015  0.52576830411849951
  0.53701040257222610  0.54774461649402773  0.55717024103979285  0.56644202452158421
  0.57608080522506822  0.58626810805502072  0.59677934058905002  0.60783952942348440
  0.61933705405202266  0.63088276860529102  0.64228125625500121  0.65341028100199661
  0.66456049169641851  0.67622885347010342  0.68806145139913388  0.69929358723471480
  0.71100052237943578  0.72305888566162957  0.73505045690376913  0.74382683173544462
  0.75515361981208784  0.76557802092357885  0.77623086564825039  0.78673940063986902
  0.79868416862682279  0.81226568183706693  0.82600432481859176  0.83789584871853062
  0.84935258989803075  0.86041498640368641  0.87151581512683240  0.88226441062402883
  0.89231669030469141  0.90196460011458424  0.91181907066462953  0.92268633997293736
  0.93385988050362778  0.94412411751062286  0.95314688630158495  0.96193607682099003
  0.97085448520179285  0.98054504174685586  0.98964216553707918  1.00000000000000000
 -0.00254836868867550  0.01021370623061560  0.01971080834042294  0.02875434301709954
  0.03838662977050450  0.04861159110983716  0.06073156156283185  0.07212680179557199
  0.08285192749579333  0.09356037706561240  0.10376760405047106  0.11356919397173325
  0.12366128280627166  0.13408762168108904  0.14436200101127009  0.15420792403164971
  0.16388607849373810  0.17346813616347467  0.18339932175160761  0.19286293435762458
  0.20247672915514064  0.21313052564521962  0.22323520205821587  0.23230924687737267
  0.24138541524702500  0.25043115952773143  0.26046041841874462  0.27168848899571585
  0.28310844980850902  0.29406679459391533  0.30443219779554576  0.31409000092041944
  0.32331099262797319  0.33237791613223966  0.34161759168270994  0.35136535451614626
  0.36116401261203329  0.37123838632415052  0.38304851673507351  0.39619490012741432
  0.40896650099190329  0.42057871230388832  0.43167417756110504  0.44257955843994323
  0.45301766669435839  0.46311317801711849  0.47296414819265942  0.48254603029435866
  0.49193498309881556  0.50140044095457437  0.51067957799492858  0.51967636912549586
  0.52866781393885909  0.53795856107214113  0.54741938725102335  0.55697913982249558
  0.56707705836411837  0.57804169585456877  0.58800225906395087  0.59780417856068535
  0.60786335475959363  0.61825495888443693  0.62843643634150081  0.63758740681977499
  0.64671878170117525  0.65732828367653928  0.66851163346200138  0.67938038160995395
  0.69008440904625257  0.70112619388061048  0.71331992929298449  0.72621541434536663
  0.73829023939373195  0.75026132830667969  0.76242426987685641  0.77402192344337140
  0.78484063611617549  0.79572826186327517  0.80625870457529092  0.81634342005294003
  0.82617011428747100  0.83650309203269990  0.84710078781748122  0.85745920836049316
  0.86807294712474048  0.87905689019203237  0.89031463942894717  0.90208329535988141
  0.91382859546273287  0.92514848331124688  0.93623901396330445  0.94742122285231023
  0.95905643033664356  0.97148726602876989  0.98497842077808007  1.00000000000000000
 -0.00277089389609031  0.00976726172700389  0.02177911974786495  0.03431772751839856
  0.04758836357264475  0.06052254132158912  0.07251843424974352  0.08349194363422872
  0.09381627922241570  0.10423393957198503  0.11491812977888187  0.12537661818215379
  0.13535334471365032  0.14547747114086959  0.15564795751180749  0.16560080170897742
  0.17514527466905247  0.18420931613216746  0.19245774842005314  0.20113791226366043
  0.21073822734253964  0.22242306008216209  0.23420978181516641  0.24550110155147487
  0.25644771939489852  0.26732798979062722  0.27767947070256455  0.28813455219326090
  0.29789830820511842  0.30706827102358358  0.31675041928487041  0.32783725933630087
  0.33827989256237950  0.34879092639049403  0.35982533377303888  0.37110444073933108
  0.38100939705462056  0.39132710970668344  0.40093450755475252  0.41184511028213017
  0.42303476897491604  0.43337022493585603  0.44279043440438742  0.45248224337585685
  0.46336741605524878  0.47492145783841444  0.48649770860159652  0.49803874121813158
  0.50926104247508686  0.51921021723643968  0.52888114826436006  0.53859915275451276
  0.54728393823343036  0.55613562606919797  0.56600444475954181  0.57736501117943839
  0.58916268505700842  0.60056061049075016  0.61090297095704982  0.62047198270781045
  0.63002333182948178  0.63937318641954588  0.64882078762966655  0.65777807080210682
  0.66673318983957020  0.67582657791207146  0.68503084947600013  0.69410068029198202
  0.70364485827336298  0.71386028517377109  0.72437468339014188  0.73510914470082234
  0.74601015626875844  0.75698914124571259  0.76819676606922482  0.77949034390067540
  0.79069284200943335  0.80227912750437702  0.81455923315416823  0.82689338624908271
  0.83880417375073790  0.85022903351274803  0.86141078254615000  0.87180242917323425
  0.88159106839726864  0.89129320494568032  0.90152786419315190  0.91278508874948516
  0.92335123929114971  0.93312462317044920  0.94325691885118812  0.95377435824316836
  0.96480414946001536  0.97594138511641615  0.98639772042192153  1.00000000000000000
 -0.00174432777687309  0.00754798948903503  0.01662291658182737  0.02530615738875367
  0.03435994412473329  0.04393565585483689  0.05433214534707600  0.06606488660085470
  0.07843013866330267  0.08880871882093626  0.09805431473976450  0.10782208488819675
  0.11845960045019795  0.12937804443578546  0.13971669240290147  0.15038882780387514
  0.16100462897102810  0.17220082334894815  0.18376657054995230  0.19501845390038336
  0.20643412971520242  0.21725070629365401  0.22833906818102176  0.24028823184537768
  0.25301292494247912  0.26638835335364774  0.27942098205834082  0.29208482995334129
  0.30431208860977743  0.31593827212401615  0.32704377119627331  0.33741543578402161
  0.34727865918187589  0.35649941663101259  0.36648594175729493  0.37545335016211090
  0.38614177329116706  0.39743847299087415  0.40837940794836419  0.41949136755951966
  0.43063432125708240  0.44143780574396929  0.45322772140001272  0.46343830538413483
  0.47314738477892471  0.48260414244377325  0.49248743002333578  0.50313314920882246
  0.51313739388055912  0.52314050374423704  0.53332851483290389  0.54506125612059919
  0.55709521221606340  0.56860900949578530  0.57922544018398359  0.58952559842926022
  0.59949435657422256  0.60950153187708089  0.62008081028575146  0.63130399330118003
  0.64326135864849676  0.65574668917088252  0.66792566105962492  0.67968260331317620
  0.69155652902088671  0.70333076598727540  0.71447820699745423  0.72476776679578725
  0.73396443893445174  0.74329239200597619  0.75352215463245398  0.76428772646085019
  0.77549019012590681  0.78639417761894270  0.79648126974206168  0.80619801703414506
  0.81595975240530838  0.82573659682003764  0.83577899693038227  0.84580814344469590
  0.85533205302810367  0.86464029505399254  0.87409393560891380  0.88360233139470190
  0.89343108370135438  0.90375959082502566  0.91337484442507122  0.92171873846271668
  0.93018407879843146  0.94006621393905121  0.95097042499030027  0.96167126210605924
  0.97086458835426204  0.97951484989208015  0.98857527655984156  1.00000000000000000
 -0.00321783295224915  0.01139131069999967  0.02092936534195812  0.03068557614854380
  0.04014026786069871  0.04926058037645226  0.05933474642098405  0.06990087354367958
  0.08040986009513792  0.09061004723835236  0.10041022423139059  0.11033154881038004
  0.12168620634513358  0.13286390285666777  0.14457694921746844  0.15552809389703498
  0.16580582436199828  0.17597281316267824  0.18620483973386162  0.19611448041315721
  0.20603963081415261  0.21498487503546845  0.22440479223832535  0.23398328287781067
  0.24243266687829387  0.25131282389578002  0.26088720476482286  0.27206574729918531
  0.28316187794594661  0.29340239231153759  0.30286538277880576  0.31251819525818458
  0.32313666642878719  0.33426412082768225  0.34534251412236067  0.35636089794572923
  0.36725661404398807  0.37760248842815947  0.38756946444661267  0.39820986952126458
  0.40941936849666394  0.42004508096748688  0.42984969343410540  0.43983672992931327
  0.45091821442594815  0.46209911997089187  0.47283726133687998  0.48396286126774657
  0.49558490382051129  0.50738179731284083  0.51893559004489753  0.53007133525129724
  0.54103394960790141  0.55203867405518492  0.56301289926579168  0.57375938351785205
  0.58441736563925439  0.59535631784094778  0.60586898580432147  0.61576975046359916
  0.62547761656087686  0.63602272367022961  0.64686850817242547  0.65743392384172827
  0.66891846033843960  0.68152828827185574  0.69441140624124287  0.70670325887832575
  0.71827459351194933  0.73002010717282784  0.74101146837456022  0.75107277511865600
  0.76202346355887018  0.77245607101826497  0.78343778365086025  0.79376024550610025
  0.80315427763278513  0.81321355644039972  0.82264364843099080  0.83205975635708040
  0.84221458314077702  0.85299946153271122  0.86496722189632835  0.87782090950838065
  0.89043839018314075  0.90179908711334578  0.91194933185955462  0.92209601089378135
  0.93206983197439375  0.94170362354692927  0.95225416055758094  0.96315875705616560
  0.97353553757351285  0.98258554191886949  0.99070449713005981  1.00000000000000000
 -0.00199057691507410  0.00785685415268666  0.01769954208276830  0.02852372984264754
  0.03948251970622395  0.05036799787142766  0.05986012116676381  0.06927814559223365
  0.07958062756252225  0.08925869121012629  0.09961259211732865  0.11041300537148580
  0.12175121209197484  0.13339208210869494  0.14440866606397779  0.15540770696090431
  0.16578221823739928  0.17587185133179148  0.18696400610756805  0.19772184342010324
  0.20878014299164688  0.22018029333526978  0.23275522535429685  0.24308215888948190
  0.25290010941306462  0.26558064825458177  0.27675836742083970  0.28824374905585171
  0.29873718081315920  0.30825667890748637  0.31773467257799343  0.32745539553954850
  0.33786151158851463  0.34916393026597181  0.35956581356310530  0.36870649855314658
  0.37715974489782778  0.38527180036973058  0.39449601376965904  0.40480017443565147
  0.41474975661321800  0.42379630807525343  0.43259781750728293  0.44174870150010048
  0.45143916712776172  0.46111622788265622  0.47111249310598502  0.48208773997478271
  0.49432204433876081  0.50707569942637698  0.51829683518858749  0.52867452976392149
  0.53955486425569354  0.55110323628589319  0.56310045498201655  0.57401114259188324
  0.58464212082871547  0.59445175363039504  0.60276044788494076  0.61138406574701265
  0.62141293296927014  0.63219893937960570  0.64292188707217890  0.65345476325174523
  0.66349679272284512  0.67361075947762272  0.68328839314663670  0.69248513360630171
  0.70190013612074087  0.71189247148985246  0.72236800242905941  0.73333007600527644
  0.74439371986938274  0.75548208072043921  0.76670990582491749  0.77791459329164114
  0.78955876975442651  0.80147632635621757  0.81314887608905617  0.82468247282055285
  0.83629660878127199  0.84806322481857943  0.86037258914447323  0.87257288965787250
  0.88396694296903966  0.89397795867640739  0.90361303336713450  0.91311225358241344
  0.92490925748731800  0.93689062037376358  0.94882392108121139  0.95959168271519713
  0.96961550985596312  0.97885869289940797  0.98906228866262991  1.00000000000000000
 -0.00280300202077555  0.01124321392800037  0.02039204533195133  0.03018710238224120
  0.03971471888248828  0.04921303576232085  0.05933382089802607  0.06965886856922933
  0.07989256829348949  0.08957547073718097  0.09872493694510240  0.10799015347652953
  0.11735711914769689  0.12623410525314893  0.13508750118340465  0.14447228933797823
  0.15416512580867894  0.16353002813934431  0.17413732142494515  0.18635389602020011
  0.19799060952720579  0.20879666681355802  0.21920747930571022  0.22957270405933963
  0.23925219963645300  0.24832270999015998  0.25751130690242796  0.26621752296984502
  0.27610803566653791  0.28654782407911056  0.29667523056879258  0.30725139862210654
  0.31773596235948925  0.32902085615302235  0.33937417277611287  0.34943998832698869
  0.35991291828492628  0.37013430093160893  0.38076822978840075  0.39179851235934482
  0.40308887917720493  0.41360131032551439  0.42439272745061363  0.43522870937243591
  0.44551488645215526  0.45703173399150193  0.46930138948568495  0.48041398799480078
  0.49060974950451741  0.50043215424685328  0.51070527264168775  0.52094798090284555
  0.53072477349988678  0.54076418313102947  0.55165163001405715  0.56300336413308549
  0.57347533351323010  0.58364524079370550  0.59446596048837175  0.60513104316369104
  0.61572047346464320  0.62624283462902375  0.63786227395802020  0.65017509276904673
  0.66245916239549663  0.67361695724231496  0.68379448879962268  0.69356879092982171
  0.70312012201627350  0.71218515951667016  0.72099780309206540  0.73168504320976813
  0.74298436005643287  0.75394282430330029  0.76431121398682333  0.77417032647468931
  0.78333504865103609  0.79208306238705695  0.80383351454460683  0.81544668293901612
  0.82682117846004333  0.83843292409870251  0.85134050269759975  0.86348086862023898
  0.87573629522800545  0.88781279352962028  0.89879352811000035  0.90894453117378782
  0.91855030373921343  0.92864336700711991  0.94034900264993837  0.95262150275385360
  0.96427716794149576  0.97503172765568291  0.98605869005943214  1.00000000000000000
  0.00927608096140807  0.01707730079230295  0.02771619110774295  0.03879631755923469
  0.05096665573888372  0.06379051691185800  0.07471602710164373  0.08533111821446426
  0.09544156249145030  0.10557389710274495  0.11606739258027116  0.12739197538589109
  0.13818483446535335  0.14801721382741864  0.15717074913862358  0.16713061769134244
  0.17697470340045857  0.18644714906397059  0.19659069518012276  0.20745111191552423
  0.21831182848182062  0.22877368905882597  0.23869027264250522  0.25004100816643060
  0.26127330318167885  0.27219794787693202  0.28265245333445421  0.29247424259288640
  0.30276833286738841  0.31277294535327421  0.32133680418162253  0.32953204364544436
  0.33914572236700602  0.34910921322536864  0.35781675082171022  0.36588005410245905
  0.37541807023478713  0.38604972531347992  0.39628369188132645  0.40632997244230373
  0.41617821993456466  0.42538098209017627  0.43486678167237464  0.44580680862470290
  0.45743989906998117  0.46853715843426252  0.47914068241684543  0.49022998632494674
  0.50183770733896604  0.51322119057083071  0.52374752924588719  0.53372654992960011
  0.54440350171270147  0.55554517790492497  0.56569110706703252  0.57547625964362203
  0.58579057059974349  0.59677964002805550  0.60810833369106376  0.61927105657296200
  0.62973178021628384  0.64035872944481809  0.65072777812424376  0.66126395080237621
  0.67138319995169937  0.68111438802994495  0.69070419211693990  0.70047212042699092
  0.71091846390839186  0.72128618002531875  0.73102957039044492  0.74111220180732806
  0.75161639502229116  0.76249023916648384  0.77375506403191641  0.78425615619214484
  0.79476862563569006  0.80561376244076000  0.81644144406291130  0.82675230500000074
  0.83723044204544739  0.84804367177823925  0.85844797403088680  0.86825879364733172
  0.87767017748944742  0.88702988406143091  0.89652235928248658  0.90687734022269229
  0.91833016323956573  0.93034283363819759  0.94219328586274598  0.95328735347959714
  0.96473879376004845  0.97641573068929488  0.98836206448139152  1.00000000000000000
 -0.03959028026605028  0.17646694092915727  0.22309713194672842  0.25061368819677549
  0.27014438867442325  0.28302082650098448  0.29201561662397746  0.30142942993606664
  0.31099794167141270  0.31976107937302300  0.32767936055818120  0.33512513185448795
  0.34261711276376489  0.34961519796817342  0.35631911073266853  0.36306037764699073
  0.36959623470281316  0.37557569180232619  0.38087487711101692  0.38574171948603347
  0.39042157257212745  0.39514304679581186  0.39985150119759155  0.40433430884284960
  0.40850801175602858  0.41252866071065408  0.41651925809735740  0.42054592728090512
  0.42466074573862400  0.42899532724679396  0.43351839372710738  0.43764844778149625
  0.44167548501000931  0.44531486486176314  0.44900570408149343  0.45252505762783185
  0.45613766670863992  0.45945554845316455  0.46323465520859852  0.46713794396416858
  0.47080322378690526  0.47421874497843336  0.47765834196483509  0.48106672113895743
  0.48440376536058594  0.48785069613202564  0.49145625841744367  0.49503592472705416
  0.49857969978240468  0.50200142430599470  0.50508749394363306  0.50803574717022315
  0.51119943318630479  0.51477233909426889  0.51863266473567260  0.52262002056630297
  0.52672465020346393  0.53088651979891210  0.53494690386735388  0.53879798219306019
  0.54243256034834064  0.54593148535183655  0.54941231164385251  0.55301817245372042
  0.55664968682279026  0.56033963845156920  0.56437473381081860  0.56888704602955664
  0.57321791647938347  0.57710642739171458  0.58059935111024552  0.58416881138909960
  0.58818057120998724  0.59233661760491774  0.59662735462571437  0.60121432613725645
  0.60599569071729520  0.61084558371490083  0.61586008941976345  0.62125756334532378
  0.62715549744238674  0.63366171914354374  0.64059104492357200  0.64787600454867822
  0.65570714495301696  0.66382577546139665  0.67187686880468644  0.68025947024135214
  0.69022669178703111  0.70320361247446594  0.71752298450665475  0.73172217630240399
  0.74890333068387871  0.77333165132164361  0.81297690111493448  1.00000000000000000
   1.8833780400239250E-014  -1.0000000000000000     
 T T F F F F F F F F F F F F F F F F F F F F F F F F F F F F F F F F F F F F F F F F F F F F F F F F F F F F F F F F F F F F F F F F F F F F F F F F F F F F F F F F F F F F F F F F F F F F F F F F F F F F F F F F F F F F F F F F F F F F F F F F F F F F F F F F F F F F F F F F F F F F F F F F F F F F F F F F F F F F F F F F F F F F F F F F F F F F F F F F F F F F F F F F F F F F F F F F F F F F F F F F F F F F F F F F F F F F F F F F F F F F F F F F F F F F F F F F F F F F F F F F F F F F F F F F F F F F F F F F F F F F F F F F F F F F F F F F F F F F F F F F F F F F F F F F F F F F F F F F F F F F F F F F F F F F F F F F F F F F F F F F F F F F F F F F F F F F F F F F F F F F F F F F F F F F F F F F F F F F F F F F F F F F F F F F F F F F F F F F F F F F F F F F F F F F F F F F F F F F F F F F F F F F F F F F F F F F F F F F F F F F F F F F F F F F F F F F F F F F F F F F F F F F F F F F F F F F F F F F F F F F F F F F F F F F F F F F F F F F F F F F F F F F F F F F F F F F F F F F F F F F F F F F F F F F F F F F F F F F F F F F F F F F F F F F F F F F F F F F F F F F F F F F F F F F F F F F F F F F F F F F F F F F F F F F F F F F F F F F F F F F F F F F F F F F F F F F F F F F F F F F F F F F F F F F F F F F F F F F F F F F F F F F F F F F F F F F F F F F F F F F F F F F F F F F F F F F F F F F F F F F F F F F F F F F F F F F F F F F F F F F F F F F F F F F F F F F F F F F F F F F F F F F F F F F F F F F F F F F F F F F F F F F F F F F F F F F F F F F F F F F F F F F F F F F F F F F F F F F F F F F F F F F F F T T F F F F F F F F F F F F F F F F F F F F F F F F F F F F F F F F F F F F F F F F F F F F F F F F F F F F F F F F F F F F F F F F F F F F F F F F F F F F F F F F F F F F F F F F F F F F F F F F F F F F F F F F F F F F F F F F F F F F F F F F F F F F F F F F F F F F F F F F F F F F F F F F F F F F F F F F F F F F F F F F F F F F F F F F F F F F F F F F F F F F F F F F F F F F F F F F F F F F F F F F F F F F F F F F F F F F F F F F F F F F F F F F F F F F F F F F F F F F F F F F F F F F F F F F F F F F F F F F F F F F F F F F F F F F F F F F F F F F F F F F F F F F F F F F F F F F F F F F F F F F F F F F F F F F F F F F F F F F F F F F F F F F F F F F F F F F F F F F F F F F F F F F F F F F F F F F F F F F F F F F F F F F F F F F F F F F F F F F F F F F F F F F F F F F F F F F F F F F F F F F F F F F F F F F F F F F F F F F F F F F F F F F F F F F F F F F F F F F F F F F F F F F F F F F F F F F F F F F F F F F F F F F F F F F F F F F F F F F F F F F F F F F F F F F F F F F F F F F F F F F F F F F F F F F F F F F F F F F F F F F F F F F F F F F F F F F F F F F F F F F F F F F F F F F F F F F F F F F F F F F F F F F F F F F F F F F F F F F F F F F F F F F F F F F F F F F F F F F F F F F F F F F F F F F F F F F F F F F F F F F F F F F F F F F F F F F F F F F F F F F F F F F F F F F F F F F F F F F F F F F F F F F F F F F F F F F F F F F F F F F F F F F F F F F F F F F F F F F F F F F F F F F F F F F F F F F F F F F F F F F F F F F F F F F F F F F F F F F F F F F F F F F F F F F F F F F F F F F F F F F F F F F F F F F F F F F F F F F F F F F F F F F F F F F F F F F F F F F F F F F F F F F F F F F F F F F F F F F F F F F F F F F F F F F F F F F F F F F F F F F F F F F F F F F F F F F F F F F F F F F F F F F F F F F F F F F F F F F F F F F F F F F F F F F F F F F F F F F F F F F F F F F F F F F F F F F F F F F F F F F F F F F F F F F F F F F F F F F F F F F F F F F F F F F F F F F F F F F F F F F F F F F F F F F F F F F F F F F F F F F F F F F F F F F F F F F F F F F F F F F F F F F F F F F F F F F F F F F F F F F F F F F F F F F F F F F F F F F F F F F F F F F F F F F F F F F F F F F F F F F F F F F F F F F F F F F F F F F F F F F F F F F F F F F F F F F F F F F F F F F F F F F F F F F F F F F F F F F F F F F F F F F F F F F F F F F F F F F F F F F F F F F F F F F F F F F F F F F F F F F F F F F F F F F F F F F F F F F F F F F F F F F F F F F F F F F F F F F F F F F F F F F F F F F F F F F F F F F F F F F F F F F F F F F F F F F F F F F F F F F F F F F F F F F F F F F F F F F F F F F F F F F F F F F F F F F F F F F F F
  <DiscreteSampler_grid>
  grouped_processes
  1 # 1 for a reference and 2 for a running grid.
  10 # Attribute 'min_bin_probing_points' of the grid.
  1 # Attribute 'grid_mode' of the grid. 1=='default',2=='initialization'
  0.0000000000000000 # Attribute 'small_contrib_threshold' of the grid.
  0.5000000000000000 # Attribute 'damping_power' of the grid.
 # binID   n_entries weight   weight_sqr   abs_weight
    49   10   2.230618160005004E+006   1.761429336212664E+013   2.230618160005004E+006
    52   10   1.192002095000210E+005   5.030009385295281E+010   1.192002095000210E+005
    61   10   1.192002095000211E+005   5.030009385295310E+010   1.192002095000211E+005
    64   10   6.369844108512521E+003   1.436389975799977E+008   6.369844108512521E+003
    73   10   6.369844108512695E+003   1.436389975800074E+008   6.369844108512695E+003
    82   10   3.403929752887395E+002   4.101813743350955E+005   3.403929752887395E+002
    100   10   2.404785333620759E+006   2.139426789980559E+013   2.404785333620759E+006
    103   10   1.285073889874240E+005   6.109434316504079E+010   1.285073889874240E+005
    112   10   1.285073889874225E+005   6.109434316503900E+010   1.285073889874225E+005
    115   10   6.867202986264242E+003   1.744634957479229E+008   6.867202986264242E+003
    121   10   1.285073889874264E+005   6.109434316504372E+010   1.285073889874264E+005
    124   10   6.867202986264444E+003   1.744634957479363E+008   6.867202986264444E+003
    130   10   6.867202986264469E+003   1.744634957479372E+008   6.867202986264469E+003
    133   10   3.669709362717939E+002   4.982050673065551E+005   3.669709362717939E+002
  </DiscreteSampler_grid>
