 -0.00000002939456088  0.00000021105730612  0.00000046824647157  0.00000076836939317
  0.00000114843141856  0.00000152997805239  0.00000189633822922  0.00000227091865912
  0.00000267789473663  0.00000310899957674  0.00000354276377166  0.00000398373656838
  0.00000444984007246  0.00000492193274933  0.00000535495635160  0.00000570659666146
  0.00000601596683227  0.00000631698502890  0.00000667454765346  0.00000704777392990
  0.00000740605542492  0.00000777752965845  0.00000815670637129  0.00000853204950947
  0.00000890095803751  0.00000923877660634  0.00000953820426144  0.00000982652325973
  0.00001014336354730  0.00001051233661767  0.00001091224326840  0.00001129148136154
  0.00001164350957036  0.00001199101427083  0.00001233747831540  0.00001267154075517
  0.00001300549074385  0.00001334746114758  0.00001372264154761  0.00001411621425301
  0.00001450203174612  0.00001487823382952  0.00001525104012390  0.00001562014631367
  0.00001597590862499  0.00001630865307615  0.00001662200308594  0.00001691996176785
  0.00001722033107656  0.00001754185873494  0.00001787423335923  0.00001820815797454
  0.00001851290094187  0.00001881314186213  0.00001910092619464  0.00001937667922101
  0.00001962990918699  0.00001988196676727  0.00002012667390428  0.00002038953813525
  0.00002068512206700  0.00002099477857553  0.00002130829175071  0.00002161931192108
  0.00002195051921431  0.00002231434959421  0.00002266255800621  0.00002301526566916
  0.00002334737156465  0.00002367448475446  0.00002399846345126  0.00002430680364516
  0.00002459157012237  0.00002485520076846  0.00002511979287800  0.00002540092519059
  0.00002568271633373  0.00002594885363481  0.00002620392539029  0.00002646915710280
  0.00002672645128870  0.00002699472817290  0.00002727081547700  0.00002754091255804
  0.00002779312807889  0.00002809149947612  0.00002843842649604  0.00002890852375921
  0.00003114387802924  0.00004432368029936  0.00004893384304163  0.00005327601062568
  0.00005759642581825  0.00006418360138243  0.00009477921524883  1.00000000000000000
 -0.00000002920672216  0.00000020863383772  0.00000054800434528  0.00000092519866411
  0.00000130091431451  0.00000169612332262  0.00000214189152301  0.00000263300417461
  0.00000304965937271  0.00000340639162280  0.00000377964586755  0.00000416403609378
  0.00000454924653576  0.00000493695528772  0.00000537454557455  0.00000590626567664
  0.00000646835969092  0.00000698384254030  0.00000744154524840  0.00000789968435634
  0.00000837182053845  0.00000882840681355  0.00000926967478755  0.00000969141490915
  0.00001010473793483  0.00001053243883850  0.00001091865698236  0.00001128142388612
  0.00001162688739069  0.00001198309168045  0.00001234245265237  0.00001267228798610
  0.00001299768772139  0.00001333689879323  0.00001371568037176  0.00001410683163708
  0.00001447523466399  0.00001482204613808  0.00001513726385631  0.00001545544997828
  0.00001581985621766  0.00001616857557135  0.00001644815557784  0.00001670892952089
  0.00001700076455649  0.00001730758716012  0.00001759640579245  0.00001789740235580
  0.00001823023840780  0.00001857121156447  0.00001893253370159  0.00001926838421352
  0.00001958176677318  0.00001988139758208  0.00002016097646052  0.00002042832793795
  0.00002076913726715  0.00002110203218136  0.00002143660880278  0.00002177178237509
  0.00002209213511099  0.00002241241189190  0.00002273156005152  0.00002304149364850
  0.00002333713119505  0.00002361887386072  0.00002388447856974  0.00002413138840906
  0.00002437599435078  0.00002461987145889  0.00002485031738074  0.00002508583012733
  0.00002531442227702  0.00002554488020682  0.00002577152436645  0.00002601823176950
  0.00002625692403477  0.00002649520403194  0.00002673819135133  0.00002697833291195
  0.00002721336858782  0.00002744885933736  0.00002768250893493  0.00002790246647947
  0.00002813004144245  0.00002842680352110  0.00002911301382642  0.00003870796204943
  0.00004554258212379  0.00004822956973965  0.00005033528298581  0.00005222891170826
  0.00005543795414692  0.00006519978667378  0.00009572601449563  1.00000000000000000
  0.00852311967715755  0.01863948157539016  0.03020247086248933  0.04128864411874174
  0.05170312896133200  0.06287824715149821  0.07418832132573928  0.08434938061303610
  0.09359771763511264  0.10346869681945330  0.11410597860577203  0.12490898420341098
  0.13507607152440268  0.14555043936386905  0.15768647418142670  0.17028460979042359
  0.18168424403522809  0.19207750337604657  0.20219399269783758  0.21194304069178568
  0.22189591086829613  0.23251393308169949  0.24372385462334101  0.25460662069171264
  0.26416700984751718  0.27319756671579026  0.28254716255156337  0.29249993686810466
  0.30230658027548618  0.31135966502825163  0.32104597704008930  0.33132779311105981
  0.34257772503751016  0.35420703301114387  0.36609247576445753  0.37761372518169650
  0.38836117823810856  0.39817815388893063  0.40808645805887322  0.41858521217858857
  0.42984339499105978  0.44031584952125441  0.44967778378014073  0.45999246992908316
  0.47198063752160052  0.48400386516372002  0.49417089375294360  0.50282229067571260
  0.51073064756946818  0.51895241310559914  0.52685375809207236  0.53665123151929450
  0.54808226453758668  0.56017318973095442  0.57301221958758064  0.58577283874606045
  0.59760451022514172  0.60861891729997764  0.61942794749811647  0.62990018904942124
  0.64016227171157147  0.65004932957471950  0.65918201204795146  0.66807166346822522
  0.67772778826395530  0.68866890204726006  0.70001507243942351  0.71134878991633266
  0.72286175138785702  0.73446044128261112  0.74526097529513424  0.75416352394201880
  0.76244947917514028  0.77170390475199913  0.78194254718938128  0.79134329800716219
  0.80076822230212286  0.81046157268081676  0.82049587914384015  0.83085311154273289
  0.84198033842715947  0.85482479121656807  0.86652707643663784  0.87645473643589844
  0.88609607953988079  0.89526415245072821  0.90477717228070598  0.91439553802053597
  0.92331755791035575  0.93268010670372403  0.94189504546194980  0.95092543539919805
  0.96066354099223250  0.97273544558440206  0.98596665113779736  1.00000000000000000
 -0.00000001131625681  0.00000008011259210  0.00000020492968744  0.00000033081180147
  0.00000044606888646  0.00000056326260466  0.00000070796492958  0.00000087152523424
  0.00000102002386513  0.00000115412146433  0.00000129927708487  0.00000145808916687
  0.00000161771944603  0.00000178633100784  0.00000196131437502  0.00000213063600697
  0.00000227690961958  0.00000241150550405  0.00000256459654036  0.00000269649144477
  0.00000281195123300  0.00000293233908742  0.00000304128833478  0.00000315755036100
  0.00000329355491134  0.00000343545121054  0.00000358124191456  0.00000372999866575
  0.00000388044121462  0.00000403227875802  0.00000418619087501  0.00000432550979608
  0.00000447027929992  0.00000462034286605  0.00000477245053551  0.00000492813057787
  0.00000508557178407  0.00000524281833727  0.00000540392790201  0.00000555629520483
  0.00000570617992993  0.00000584711891060  0.00000597732898314  0.00000610991506703
  0.00000624833771144  0.00000638602006455  0.00000651636537829  0.00000664579106465
  0.00000677425863543  0.00000691106192343  0.00000706623121085  0.00000723079535563
  0.00000739361568807  0.00000755133400831  0.00000771021081381  0.00000786959620193
  0.00000801769879166  0.00000815663315096  0.00000828173268872  0.00000841504126412
  0.00000856288821733  0.00000871614397682  0.00000887553213203  0.00000902543896431
  0.00000916321098585  0.00000930703309185  0.00000945782798009  0.00000961039768025
  0.00000975715244442  0.00000989299206351  0.00001004173228672  0.00001021249423348
  0.00001039735878059  0.00001058598835928  0.00001076486417153  0.00001095671239227
  0.00001116231927437  0.00001137911961480  0.00001160674279557  0.00001183633937057
  0.00001206058295966  0.00001230329130977  0.00001254904768421  0.00001282726893909
  0.00001310094569673  0.00001336258932273  0.00001366753057209  0.00001396085170257
  0.00001427219648576  0.00001461289746536  0.00001493641844752  0.00001518232445189
  0.00001536458378122  0.00001554287120446  0.00001576577475991  1.00000000000000000
  0.02479233771218907  0.02977999314701466  0.03583391733795363  0.04228209900687806
  0.04865806063113737  0.05551534089006196  0.06283196046643351  0.07050616854019312
  0.07870262346754574  0.08734775704156753  0.09639048388547430  0.10559080816597405
  0.11511784252452162  0.12531455786931120  0.13517631290905499  0.14378867642501314
  0.15403920608835037  0.16383744952374871  0.17264913937823598  0.18115866369186645
  0.18983842575147392  0.20018838170348768  0.21127012987057109  0.22284477845370612
  0.23396020136429330  0.24391807008499453  0.25264764293146219  0.26062343032870899
  0.26785655328941127  0.27690326468864696  0.28605200962266303  0.29638214599145002
  0.30804420028324725  0.31879336727801266  0.32812968895519368  0.33502048994245454
  0.34068567334576916  0.34761618945889994  0.35538298238676103  0.36207934414624804
  0.36850835600405785  0.37657493592256164  0.38913368107619456  0.40190811820387334
  0.41306392110396473  0.42469638846709457  0.43607593723027899  0.44879192060315293
  0.46180379969048591  0.47452076287903011  0.48607445601399696  0.49737905943667188
  0.50890142993232435  0.51960474878472684  0.52995191458737667  0.54100498721105073
  0.55201356932651668  0.56176527471032467  0.57034231415126468  0.57902017761074698
  0.58911948510490075  0.59916667497768095  0.60759290319179826  0.61611312882731473
  0.62567831052896861  0.63710348407269768  0.64896797386884653  0.66093944496152257
  0.67282993906763056  0.68432871809615936  0.69508482776238578  0.70537271691883507
  0.71612344764397051  0.72752221355238322  0.73952542574509272  0.75144858443235474
  0.76348412953929201  0.77512670112921878  0.78591834429704488  0.79553617970995738
  0.80455057854588463  0.81333817066383984  0.82375054083655319  0.83508300969465210
  0.84749119248382954  0.86012508087562956  0.87220041698542361  0.88354687664592835
  0.89669485359613377  0.91037471050697327  0.92336234460263289  0.93329530216696088
  0.94560407067932928  0.96087598992619150  0.97196388520788035  1.00000000000000000
  0.00862957228791189  0.01791463433176965  0.03065264437889300  0.04342441690083380
  0.05521538642282412  0.06601199325829116  0.07613884043693886  0.08626477364238316
  0.09683704760541505  0.10826405084289553  0.12002144123673211  0.13120687753418803
  0.14177689917568018  0.15219988354279260  0.16286766840651445  0.17389311381015946
  0.18508352653603960  0.19642644884099358  0.20786182289411284  0.21892348321924338
  0.22945692635171833  0.23945056869993001  0.24849624491805575  0.25734904222845134
  0.26633685661864392  0.27538102655253938  0.28452531094248512  0.29369324287334386
  0.30446067541648397  0.31587342591569684  0.32566392900144131  0.33632114943760305
  0.34739661694154106  0.35764492915800045  0.36821760594290531  0.37922812096560365
  0.38987814197691351  0.39984216012118101  0.40946213860451214  0.41902570175584147
  0.42766441571112629  0.43637261349214340  0.44579392914974947  0.45520762835695266
  0.46572506740228481  0.47681965426780537  0.48808486035077647  0.50116348951100065
  0.51135040538923993  0.52343808594871777  0.53396809352173735  0.54319508149240447
  0.55252239906530287  0.56235445213289592  0.57308299604786128  0.58566417045918451
  0.59907287823309918  0.61163081395584062  0.62262683872600955  0.63213817922423776
  0.64043606890953864  0.64858380619101019  0.65753841353586473  0.66672882863422311
  0.67727587586545823  0.68658188700021661  0.69650922191158082  0.70664508024667128
  0.71601245685640535  0.72536265589725124  0.73548417039353187  0.74341080838970752
  0.75094643555625973  0.75804594622626287  0.76596851501350216  0.77541315912498732
  0.78549684044182122  0.79535452826030517  0.80510999580701592  0.81660220306653308
  0.82974822856547148  0.84315540376845932  0.85600937759944817  0.86853299324293498
  0.88120803189052999  0.89390584057485278  0.90535081711796217  0.91472026720411126
  0.92410174623100261  0.93270986312210957  0.94161805993373238  0.95164054311831470
  0.96293088038183039  0.97470427079184618  0.98664393679115570  1.00000000000000000
 -0.00300597558337153  0.01084483707703735  0.02330243990249180  0.03459435053031817
  0.04434999980971572  0.05299404921322730  0.06171675231915043  0.07106189393989326
  0.08079766109361179  0.09218210309855085  0.10437778053078496  0.11666942803313757
  0.12832598685517474  0.13995003059665495  0.15182173580554070  0.16335122784816172
  0.17383888974373021  0.18365558342968674  0.19384864501542842  0.20468737948863677
  0.21683899061063641  0.22966847328248238  0.24219775024586657  0.25387655039097734
  0.26520314896729524  0.27691188923211280  0.28789183857587108  0.29722154017899638
  0.30606209781199684  0.31479513008211635  0.32450568557479936  0.33531705734814299
  0.34561061171249108  0.35521999469280302  0.36488007320988985  0.37521273833852153
  0.38666086979632625  0.39867095287624527  0.41031797250320018  0.42160261899352053
  0.43344801572233055  0.44587327837148344  0.45828808604815019  0.46997569182371957
  0.48124234233340685  0.49429990964122861  0.50303322347050006  0.51102040013594008
  0.52020271459026513  0.52970442554429453  0.53804609149487048  0.54569255244148074
  0.55345877162204182  0.56206555352383625  0.57185358878094916  0.58257679541109109
  0.59210600583016348  0.60071316261037755  0.60929683859894745  0.61814983059392481
  0.63004123750021901  0.64325598293044883  0.65411216035363906  0.66576279458912446
  0.67735542075584310  0.68792040856463288  0.69659401294489409  0.70529232796112351
  0.71481340681614958  0.72513224081403760  0.73578720523336549  0.74694299554041466
  0.75765292376590665  0.76760488832373208  0.77590076211855086  0.78408623791619525
  0.79285600796870892  0.80352120877480560  0.81315756976618270  0.82307172428628006
  0.83342898274360266  0.84462974358858689  0.85719364177211588  0.87031705696290229
  0.88318023721104200  0.89544483898875626  0.90665105601053353  0.91843350779828115
  0.93029827282133359  0.94146893853609470  0.95160928188822214  0.96020092303222604
  0.96963960142867378  0.97881319691848356  0.98743850704972203  1.00000000000000000
 -0.00312382311338527  0.01082829906685755  0.02379690038394528  0.03569912846382076
  0.04703594186620807  0.05798299645403431  0.06649442597380860  0.07367900412577114
  0.08290414130954975  0.09181743388772358  0.10044404096744468  0.10983717957103366
  0.11887883343123008  0.12646125796599197  0.13463517149269369  0.14575176958581287
  0.15678455729442578  0.16532625026830594  0.17300904778559678  0.18215619569512423
  0.19159692309825532  0.20115201758071502  0.21261298292523706  0.22580359085550572
  0.23943230132263157  0.25144303304688387  0.26157865914166623  0.27143157015294272
  0.28102861009590596  0.29007321308737366  0.30000913291648190  0.31118437802893073
  0.32294877382594112  0.33467953186570149  0.34572216117048793  0.35613949631209568
  0.36648983343057689  0.37679453823997655  0.38698941732626363  0.39662570818936649
  0.40537106499439113  0.41408233128920013  0.42283602552568705  0.43228473641501486
  0.44220017448232712  0.45177542698097239  0.46186053549286088  0.47117534321521265
  0.48090455480350913  0.49270938548379861  0.50706117939411710  0.52055003387056498
  0.53237580120220673  0.54354280618848250  0.55437956781071251  0.56564336052264474
  0.57749490633602352  0.58925089611788339  0.59984932624684084  0.60947444999936062
  0.61875320102761056  0.62842384741529578  0.63859574412225051  0.64912110962238112
  0.66004081001314752  0.67153301472335092  0.68368341413824385  0.69657567963088274
  0.70953027136367786  0.72309756294760652  0.73479527062114114  0.74469200391152002
  0.75437727858660941  0.76282869618811289  0.77144127067676471  0.78162939840788259
  0.79213491165606109  0.80309698514350314  0.81639939577214504  0.82960812069379575
  0.84212029924891763  0.85470018239103818  0.86745885201949302  0.87993907692059115
  0.89208702253872241  0.90376151279846384  0.91440437145217612  0.92403498829739572
  0.93349221753051548  0.94324893607415339  0.95292160466833642  0.96299375825335776
  0.97412142722635331  0.98352298698354301  0.99169901154300844  1.00000000000000000
 -0.00285463374626101  0.01065882013057875  0.02404503155801685  0.03593300244191442
  0.04666661014703706  0.05567476029056316  0.06478880733276342  0.07519957895308124
  0.08554515855131362  0.09490921353431184  0.10492301712978444  0.11585791251281854
  0.12677316146907444  0.13786700624345660  0.14885998670722075  0.15966547396607716
  0.16946732706434264  0.17890512983292015  0.18813982332988113  0.19606123813907317
  0.20690992826250099  0.21781728934466707  0.22952380156945534  0.24169320375147982
  0.25248668267092378  0.26068555659316961  0.27036288168933148  0.28054557419919407
  0.29163120638822942  0.30093926166098317  0.31074613643375437  0.32127829454012707
  0.33180001634911305  0.34206298861346451  0.35222011858168883  0.36232557924463743
  0.37320047845607035  0.38521639583278833  0.39737214382922798  0.40984956112756027
  0.42075071678287201  0.42997335558477923  0.43881260689316887  0.44813042827237537
  0.45720087277766747  0.46650324771058227  0.47596153841957428  0.48606126186967380
  0.49706089150945587  0.50813416046356530  0.51883158680140451  0.52843083330419938
  0.53800258368191811  0.54968068077090226  0.56249256471599596  0.57475674568176316
  0.58624108443050316  0.59705285703560973  0.60912393898060269  0.62114712289561280
  0.63205851335525853  0.64225579022661483  0.65180818520197470  0.66160590350329695
  0.67168549049367143  0.68346789473929270  0.69526013713296242  0.70662412367984728
  0.71596662008756562  0.72487439938463250  0.73462930669782400  0.74396970745373403
  0.75352157243229945  0.76447168333478510  0.77546678302069860  0.78450784271981211
  0.79328211347881805  0.80215957706367491  0.81253087977700988  0.82438007760994025
  0.83629688269284852  0.84747598236845612  0.85846703135789360  0.86988079770589177
  0.88153259907776582  0.89305557476693698  0.90446335900335084  0.91690197229064285
  0.92749945992262339  0.93687324564658725  0.94634107351235730  0.95661135413009890
  0.96661439943157701  0.97647752336166183  0.98742496740245689  1.00000000000000000
 -0.00201933489758085  0.00784730219749879  0.01855866460323145  0.02912429387945784
  0.04014435826545125  0.05169134998330720  0.06313574910707728  0.07417041653977599
  0.08540221943609852  0.09826014779370165  0.11242717718319434  0.12619603245116431
  0.13844030440297589  0.14959718947448708  0.16035090290277970  0.17008401021218525
  0.17877832408332425  0.18781594258177819  0.19766991418426944  0.20768579677459917
  0.21827582508893897  0.22963994572840979  0.24092190500494223  0.25173158073257973
  0.26226186042975669  0.27247715295224129  0.28328375187594163  0.29487085541230618
  0.30641435224046837  0.31662597738479492  0.32581228763442849  0.33570974122380820
  0.34660808659534059  0.35713421899589343  0.36748372413420860  0.37910948388441834
  0.39088770069661205  0.40185852716231718  0.41223831866647143  0.42230896481616481
  0.43227619180253796  0.44373537635113824  0.45685323156160385  0.47070765442250945
  0.48451613219837991  0.49765976272993379  0.51005297132802774  0.52215892903975691
  0.53332892239661056  0.54236983451874210  0.55031682157280004  0.55858657852369586
  0.56719852855349562  0.57582374573274542  0.58423499678692725  0.59257119335734143
  0.60094738585156438  0.61002154572413148  0.61819096407410989  0.62605533619618736
  0.63634891191290610  0.64866880355227696  0.66295724062655226  0.67581345891204092
  0.68716450742244528  0.69626039273855744  0.70476068176187878  0.71330908583842001
  0.72311854784147034  0.73412837719688506  0.74403636991854816  0.75372802021511620
  0.76329984901732417  0.77438481639513590  0.78403846995316306  0.79164428584692970
  0.80022594143013370  0.80903618132541921  0.81863497587192069  0.82766582179659809
  0.83701138064363423  0.84714638675729759  0.85745408522610478  0.86838129721885848
  0.88017463800973983  0.89217440487351485  0.90347054278389805  0.91409234642247084
  0.92435860388299962  0.93480889964946323  0.94585869144582824  0.95744119466629962
  0.96821539445546811  0.97800688100387856  0.98872936197916383  1.00000000000000000
 -0.00116021855817492  0.00622355514457657  0.01433762035467646  0.02399543427077780
  0.03506262360023958  0.04544480065226986  0.05510947141382334  0.06530418130032555
  0.07505664873111272  0.08387879641756106  0.09327814189106588  0.10203605882380998
  0.11164896271037561  0.12100969927062646  0.12987328269190418  0.13787550439404922
  0.14642949036033964  0.15657795145122957  0.16738842829003556  0.17909593626662529
  0.19091004094067926  0.20218434385549081  0.21317445018196524  0.22338025586786070
  0.23285171116849632  0.24269072150499940  0.25220008998129451  0.26122531251667264
  0.27210663183903883  0.28522886808666198  0.29787981242420353  0.30976099406543656
  0.32084434617595681  0.33175414951162197  0.34278895776161294  0.35381674281469400
  0.36487889289094161  0.37550088855469388  0.38612820526098973  0.39746761668979064
  0.40959790322383272  0.42249663121006703  0.43530000293248461  0.44730799497516249
  0.45824433798957787  0.46734654500585104  0.47677957803685678  0.48681940626518294
  0.49695829937907576  0.50761034705389896  0.51959965932905494  0.53240101291172270
  0.54627267087835230  0.55899424983010804  0.57153843566413542  0.58225928256074022
  0.59215361279178491  0.60319326660903305  0.61438252451859598  0.62525343731918304
  0.63615716106723441  0.64640088956169683  0.65387049835240507  0.66156021519404029
  0.67179216783572648  0.68217015195898711  0.69135258886946060  0.70012028084640066
  0.70843892373909101  0.71814792407306061  0.72909184175456476  0.74051362430085388
  0.75214463061122150  0.76362357418807791  0.77464561800268195  0.78490031934689286
  0.79503615165300956  0.80560324077355283  0.81624568234824824  0.82665355412636310
  0.83804749425909653  0.85047160651644027  0.86220071639506457  0.87265512803465417
  0.88277534795111134  0.89182958252355882  0.90006931123259204  0.90796373116024398
  0.91738513743528050  0.92865533331586947  0.94057784313151405  0.95364372121881458
  0.96767776001689210  0.97770107567328768  0.98885143226225480  1.00000000000000000
 -0.00276006483762867  0.01005211912741283  0.02224862568822861  0.03381233009230634
  0.04437765654367771  0.05480837960145819  0.06400956721767354  0.07379207209172275
  0.08450980910061257  0.09622766279701739  0.10807130061643999  0.11913925152082487
  0.12920622543751420  0.13931375493178869  0.14996292268960829  0.16102105007777934
  0.17230373281180744  0.18461447078592910  0.19743610925195723  0.20916404627802951
  0.21912772997011845  0.22858604648863412  0.23868752093065304  0.24933314580668389
  0.25850944072432980  0.26557421833133471  0.27301824204195274  0.28132101686572675
  0.29097941191895649  0.30243991964440586  0.31421750648387275  0.32522292344440507
  0.33547083722837884  0.34443913522631903  0.35371519299553422  0.36194011564572864
  0.37085251341281333  0.38020108298559735  0.38745377207571197  0.39408405317544398
  0.40185060664905953  0.41154155865570213  0.42242243978376548  0.43422290783824918
  0.44791067787538169  0.46224206593551598  0.47434650586296589  0.48444610112410347
  0.49479638024057299  0.50614419060459215  0.51785437677741764  0.52856486736582242
  0.53885262963327130  0.54970389582026957  0.56112135276089226  0.57184576137023435
  0.58242325630187208  0.59428746431093171  0.60625758658788387  0.61423431372461046
  0.62242780028148281  0.63139645373547226  0.63984184052198279  0.64744548359877829
  0.65603958034832666  0.66488144914511615  0.67642169037866595  0.68980311923851834
  0.70346981100193084  0.71684239193043431  0.72992115027858973  0.74291300608931288
  0.75477468036708373  0.76593727742590534  0.77631075646422143  0.78573727334170540
  0.79552282991256407  0.80521632221638362  0.81477137465480520  0.82479055462982731
  0.83573788568304008  0.84663681371809851  0.85690202079184730  0.86623272945512175
  0.87570147844227664  0.88606857156029362  0.89744933037356611  0.90935076476239740
  0.92166374417951857  0.93344537169995556  0.94438919818617117  0.95458207540836415
  0.96483157603681302  0.97595942696945848  0.98780334727123364  1.00000000000000000
 -0.00244674600357480  0.00977231151496546  0.02118306762229282  0.03180617954342239
  0.04257294917704032  0.05410265384761267  0.06439883803863899  0.07351611116079568
  0.08167419435245366  0.09046967013935159  0.10016110925317277  0.11087417569138297
  0.12187507259896156  0.13367053905699516  0.14591678928740612  0.15515987793257660
  0.16559160971415821  0.17714412691579492  0.18846041900365376  0.19911278363110957
  0.20912339684129957  0.22081727338161175  0.23116913952429932  0.24067178480499932
  0.25078077005697502  0.26010401109590270  0.26885020365698087  0.28014636188736741
  0.29344013183629114  0.30628663882615642  0.31722953528446018  0.32766850022239641
  0.33821392877892392  0.34888006023270368  0.35968064976336295  0.37139452065505735
  0.38129379143852671  0.39118967155374179  0.40105099353070756  0.41004849409449018
  0.41944963379822447  0.42975398684934119  0.44013622811114866  0.45189679333113847
  0.46153034898158712  0.47112496460241060  0.48087458506799396  0.49119109028094265
  0.50177232978953423  0.51214243359842659  0.52263752130636298  0.53272566684908840
  0.54095234545642823  0.54760705258560471  0.55455653976362174  0.56203039574117575
  0.57056202796723254  0.58135006261727351  0.59384814076770076  0.60721384096455000
  0.62084125746568442  0.63415541393509878  0.64662444623592585  0.65788957527829495
  0.66815901174359627  0.67878962451341596  0.68951782694126784  0.70015486697895890
  0.71082236714720926  0.72153763172316809  0.73268392288763728  0.74421058968047571
  0.75568017465493187  0.76627471421941240  0.77649336696389792  0.78558553735020054
  0.79480579365271686  0.80508617312517483  0.81354272332639632  0.82250888843645464
  0.83197573836950212  0.84173561770311212  0.85185975594514729  0.86171017639250713
  0.87225687667712215  0.88330296233696737  0.89336647479258680  0.90320466177418246
  0.91298970792960432  0.92299549651573543  0.93417152323750741  0.94671203890801126
  0.95990698302790178  0.97312781166474061  0.98644871727481476  1.00000000000000000
 -0.00265708224226942  0.00966959251966316  0.01988973948622798  0.02879493003947118
  0.03770811886212593  0.04616930004920110  0.05515471756098491  0.06518365942526580
  0.07370619635755248  0.08120367048111475  0.08849143476683712  0.09890605909950108
  0.11079166253805578  0.12182718119443214  0.13149543415151632  0.14100286246111893
  0.15132512038518703  0.16131759232618106  0.17193447889078373  0.18281098355583145
  0.19333222550319329  0.20419259788098670  0.21516913778356161  0.22660728964938573
  0.23887964695154934  0.25096518292772135  0.26288041275009300  0.27496155745138229
  0.28656557783908987  0.29667960021765005  0.30477709948809906  0.31364928594886798
  0.32318388747710447  0.33240360022953336  0.34173356557208484  0.35136402486210511
  0.36184901704180072  0.37258250359545197  0.38357178012482124  0.39416636034887892
  0.40481342555297767  0.41482263806176800  0.42567692928714906  0.43653604313578759
  0.44692641725607057  0.45680868588575735  0.46815611630871956  0.47956880787755984
  0.49150566436335835  0.50344133579805039  0.51482651570070603  0.52588068774234464
  0.53659688992540944  0.54662344134869723  0.55607078058711001  0.56585002266987083
  0.57637897576607533  0.58756552175689081  0.59899405956200513  0.61067594950976323
  0.62268749515279342  0.63483744486008620  0.64690904556310447  0.65880475340912314
  0.67004809779112473  0.68032805973282384  0.69075307588685808  0.70099539317715942
  0.71098718116404080  0.72042630265501717  0.73004773461512251  0.74136913023728301
  0.75291119448213373  0.76448487130459608  0.77561195234749802  0.78609783472478467
  0.79734077121570801  0.80860638373571392  0.82030196573206082  0.83205137747301161
  0.84313076233579587  0.85324070647009265  0.86253022307167082  0.87161583258076536
  0.88161159196400996  0.89221295060287342  0.90334502237468817  0.91459236692687096
  0.92489270463166939  0.93500200826891855  0.94490751292027531  0.95407374774601217
  0.96410999985992663  0.97533884989449215  0.98757012889882123  1.00000000000000000
 -0.00203668954929475  0.00866546028493622  0.01737788766121355  0.02721744732121451
  0.03891992436065497  0.05023178927885728  0.05946563162918789  0.06826784276885714
  0.07890556253722217  0.09089670865319087  0.10237808102312532  0.11125241220246727
  0.11863371128679728  0.12692882992779855  0.13565591057019274  0.14507222502860517
  0.15385921732283867  0.16192273144533503  0.17144370048353746  0.18331597774987698
  0.19606641581952056  0.20773793002644914  0.21801535337486300  0.22846804941845869
  0.23957553651013946  0.25223237357019346  0.26580145579329417  0.27768416811914615
  0.28739228662934152  0.29799502318770932  0.30888098402083236  0.31991518443247569
  0.33187318807069788  0.34291178477461437  0.35268172664290443  0.36283949909955832
  0.37307122524337044  0.38322664008932866  0.39343022034875197  0.40508406028455002
  0.41809492020562783  0.43147250560709599  0.44412872212295024  0.45601482007176203
  0.46728792855997731  0.47892079890912426  0.49026367004813598  0.50040140351898588
  0.51046207029907242  0.51906302576521146  0.52859558344084678  0.53905226364590075
  0.54889656973771950  0.55882883911676651  0.56841562764883780  0.57860617913565249
  0.58880267657005037  0.59971886071287805  0.61057705403421125  0.62199005361804460
  0.63287346319795967  0.64250090385744829  0.65173374416888041  0.66062610105001851
  0.66844828973993953  0.67654624932085061  0.68615429441645515  0.69562355254916375
  0.70439627902300495  0.71344017814135641  0.72259488394806481  0.73237674965601085
  0.74347392022245051  0.75411930728486287  0.76391303759575990  0.77407804266568425
  0.78446595231974503  0.79405161008417324  0.80361789657859484  0.81395873914492911
  0.82520802539333027  0.83659216483917820  0.84776162364061902  0.85882440680429117
  0.86982221314233321  0.88138392565479406  0.89330728190116648  0.90541321870664682
  0.91796414023752393  0.93104486854697055  0.94434636294236485  0.95711947651722706
  0.96806007978089559  0.97786411756872349  0.98905055999972180  1.00000000000000000
 -0.00154369957636484  0.00708266079536908  0.01566564650730056  0.02488191280859125
  0.03545496447878992  0.04596355531677328  0.05556204993298576  0.06549796846936293
  0.07662955986150580  0.08937423050928839  0.10266124150419972  0.11554254203663994
  0.12860455593481002  0.14178625146153495  0.15470011322074156  0.16698756204473991
  0.17866057897769486  0.19005114203463325  0.20146094162041642  0.21286330665292988
  0.22381140150218437  0.23500645143830501  0.24656535209743383  0.25699556531867990
  0.26564103581126775  0.27613437663745116  0.28795769159436346  0.30049277050165801
  0.31369186386609083  0.32585234339805808  0.33688482965734073  0.34683655961495952
  0.35584674030873759  0.36390966240776318  0.37127650764826753  0.37907535747089566
  0.38685117783273831  0.39540765903636244  0.40591963829244765  0.41795822928165366
  0.43023330204649640  0.44247843016371202  0.45485783575479444  0.46700981323106366
  0.47670543147241778  0.48311431164087737  0.49139037957177473  0.50028180433410996
  0.50809072901254992  0.51613759533709769  0.52502154957342162  0.53316816292129376
  0.54213545676249275  0.55160259091366937  0.56175505034469098  0.57288408730570195
  0.58597032827706952  0.59964404827891837  0.61230750894279473  0.62362631391937584
  0.63414680843890048  0.64544397824626587  0.65589076402453372  0.66736900772078533
  0.68014951515196387  0.69352064817692127  0.70682948085777308  0.71968022497043793
  0.73190950111962250  0.74335297864221794  0.75375039856815340  0.76358763850880540
  0.77393295321277811  0.78356237818466290  0.79186420678528946  0.80044151572325084
  0.80918982029272146  0.81890177290244481  0.82952625597068164  0.83952165400778711
  0.84918023878651394  0.85957533327750368  0.87071720136238018  0.88183997681116300
  0.89328423709155724  0.90440041245635838  0.91494352377918431  0.92505596458814043
  0.93405370843795943  0.94352657428670028  0.95289795259236443  0.96193999493647608
  0.97145710091336157  0.98102961855963522  0.99045761911515329  1.00000000000000000
 -0.00155035280941045  0.00649693036510992  0.01733925982651413  0.02503853118652975
  0.03346416529392759  0.04207415385193662  0.05339295233815038  0.06365907152327623
  0.07135321635744930  0.08146134720095771  0.09177884980869186  0.10068830028530840
  0.10951397715821504  0.11816664866667782  0.12645330740550872  0.13559988835324727
  0.14515029773934027  0.15490637375633382  0.16362136246569486  0.17532315337777724
  0.18531354123163091  0.19640970903793978  0.20976874393658215  0.22170584181207864
  0.23260528311120027  0.24244655986569616  0.25107034639844100  0.26115657015039195
  0.27111569791507595  0.27997472695090780  0.28976980055038165  0.29963487049513959
  0.31004800185581716  0.32073783810139156  0.33215730803385174  0.34338717755283110
  0.35383471088820162  0.36428375231410692  0.37230547361452437  0.38177610059740530
  0.39121782113496606  0.40040761572233086  0.41014108992616383  0.41982384365737285
  0.42842639601784938  0.43703756017901602  0.44559859786979222  0.45443449064402519
  0.46417832870904041  0.47364462201881280  0.48353042650952627  0.49389663584900678
  0.50439651777876859  0.51524711815436075  0.52642940833268281  0.53796888647052143
  0.54952968453180684  0.56056361877353511  0.57042143809470391  0.57960293739806035
  0.58945331792246491  0.59907933900725552  0.60816682170266523  0.61724872680303122
  0.62726482300252151  0.63801773549059337  0.64955009623808158  0.66135662322572830
  0.67315186403396698  0.68484909550387474  0.69658235891910514  0.70874077841906558
  0.72115142354327810  0.73356688426610739  0.74634768420587994  0.75937037432101095
  0.77268244996331403  0.78584098460821916  0.79831914142579352  0.81116992397888921
  0.82351620737615483  0.83613346504556174  0.84868166177332693  0.86144774009464342
  0.87375762766805198  0.88550472399037206  0.89695383379421822  0.90816024410630147
  0.91928612878697413  0.93053321018440194  0.94188182770579110  0.95357175876298372
  0.96594799815797427  0.97737913204354798  0.98857926342249502  1.00000000000000000
 -0.00306626788231645  0.01061243179789290  0.02362985194517993  0.03614965443544026
  0.04844080101492626  0.06043497840281476  0.07192352117081366  0.08287341825736413
  0.09377887359305234  0.10463790331758613  0.11479521390714491  0.12453211017548949
  0.13443190137605251  0.14497284186670309  0.15635715454067806  0.16769398944218877
  0.17890575658119928  0.19126102453776417  0.20296964055666417  0.21214408562589990
  0.22123328796234040  0.22966835791757467  0.23788273942625898  0.24591928371201133
  0.25255222264246413  0.25976353857393941  0.26857618243444470  0.27768195555848801
  0.28665284306181588  0.29612769015026547  0.30674333592819453  0.31801703479678889
  0.32891094717441288  0.33798878448153652  0.34502914741458102  0.35168583989034513
  0.35930670026160161  0.36838351688726978  0.37872682649342737  0.38943571254297177
  0.40099073270705898  0.41114982231541003  0.42125451508668799  0.42985340326751809
  0.43761032002288625  0.44674476432841853  0.45735588333101901  0.46867462667858695
  0.47883835574150951  0.48918355044162570  0.49995071143436975  0.51052835616215742
  0.52117462559663708  0.53250249057598076  0.54398135471697340  0.55552382349475093
  0.56633536766926684  0.57745405915416603  0.58910592922819194  0.59924452066953671
  0.61018895370481219  0.61948246992683598  0.62990372178958198  0.64116891535041698
  0.65215334149711435  0.66349083661495512  0.67564672224070510  0.68737102707516917
  0.69956793880936363  0.71225148239089353  0.72448627053379511  0.73583859095983006
  0.74599183987273254  0.75528482871852698  0.76423651096655143  0.77224838276325658
  0.78376353379538855  0.79622797006031076  0.80901448720037461  0.82140017733845117
  0.83314451743870988  0.84435742811747405  0.85537611680050807  0.86653318558993542
  0.87781995960059089  0.88988566896829480  0.90257286744711329  0.91511702790377114
  0.92728247730600444  0.94001530648619824  0.94935989912981300  0.95811517497185483
  0.96680042845701897  0.97434366137011774  0.98491625222033308  1.00000000000000000
 -0.00255683387305541  0.00982748156210570  0.01932917407792590  0.02979463969770196
  0.04009661283919375  0.04936228504777215  0.05889562129406436  0.06833381720566814
  0.07862727236375495  0.08942950169463119  0.10042127105378636  0.11035821327498040
  0.12163081897826142  0.13134227395799253  0.14027714621049753  0.14769391599554718
  0.15432443760202455  0.16149456215226116  0.16994022536863965  0.17923894320268302
  0.18723833949491153  0.19587803427134651  0.20522068465609267  0.21525778207565580
  0.22634179687788836  0.23801923272857914  0.24898777237931161  0.25793107440915247
  0.26489124791894647  0.27198316935983663  0.27911404175474497  0.28795192548263043
  0.29645663449676379  0.30354587889993956  0.31041722814510631  0.31836163746842955
  0.32856954067470434  0.34006323478562162  0.35047033261360977  0.36144622266097548
  0.37250654168252700  0.38464693930595201  0.39725856922831881  0.40925759861269290
  0.42059700442093922  0.43064387611824406  0.43967767217325121  0.44782727345676260
  0.45661190909684740  0.46600702382011894  0.47542728429215697  0.48549435386531065
  0.49660663037968988  0.50888477969727308  0.52169092809764162  0.53326293554057369
  0.54340773537136811  0.55291385078525168  0.56305422808691119  0.57433684374937288
  0.58672252232831734  0.59943961487425090  0.61251064699223146  0.62601387701412881
  0.63924005172445331  0.65145440470650995  0.66263661158629616  0.67348077767813863
  0.68444517655059223  0.69556645938943595  0.70769998430004699  0.72177016696725049
  0.73573925415869412  0.74857255221070451  0.76017072670849861  0.77015077763312456
  0.77968460038716270  0.78960090987440879  0.80050585392679618  0.81251386059115815
  0.82372721093100054  0.83424437592368161  0.84409855902954989  0.85460106970042582
  0.86504099022029790  0.87490836709389785  0.88604311158945304  0.89822516369434124
  0.91084477224232097  0.92383265543785287  0.93714586587481663  0.95036086489118032
  0.96307931211482711  0.97604361218561475  0.98840413781871594  1.00000000000000000
 -0.00232904726088608  0.00852635175893966  0.01988883038264014  0.03073693756708836
  0.04218342818641570  0.05365439857933579  0.06485717240620661  0.07506867040703358
  0.08420155095739830  0.09238908988482258  0.10226274296081289  0.11320596283616043
  0.12495686134463511  0.13602676948814857  0.14639804482485666  0.15625387708315136
  0.16716575543053289  0.17857947831127846  0.19019847807582591  0.20209052331961674
  0.21460466238738132  0.22738773905939935  0.23986112573423435  0.25216997272117669
  0.26398205324437357  0.27557528861979846  0.28714680505040707  0.29890065289291640
  0.31081293123068221  0.32288741981946834  0.33488389574298666  0.34660355909781820
  0.35779951243458824  0.36764582035329191  0.37649516781909886  0.38543246786931584
  0.39390348391685581  0.40438225242047099  0.41509293580261941  0.42818764684701194
  0.43999208920794175  0.45090793935904716  0.46233952424723140  0.47350971778415779
  0.48298126490121251  0.49222256026008299  0.50147587060683552  0.50973702597924420
  0.51841106307401075  0.52717942695858488  0.53571554272466393  0.54422977475187617
  0.55405198753829088  0.56501700801882049  0.57705286039010151  0.58920482795214479
  0.60126864692183646  0.61313743972104251  0.62336064500694155  0.63260203253842973
  0.64216650979793921  0.65293691623165917  0.66567833257449915  0.67853020109776241
  0.69113645348258013  0.70316275306385556  0.71407409576749370  0.72510824440708477
  0.73548378534931558  0.74609990389188818  0.75742881699286979  0.76648977113893857
  0.77539448121988397  0.78555018769358631  0.79632414112184402  0.80731809708745628
  0.81838205205739067  0.82873075114162609  0.83781210018087149  0.84634646544910941
  0.85541487524017801  0.86550993320896996  0.87651270011962057  0.88762521620344814
  0.89968385859531319  0.91127507206384983  0.92227974726756323  0.93261442288271201
  0.94247398012900596  0.95192134374354964  0.96093675945197299  0.96984970432078166
  0.97818038018303544  0.98559402830005893  0.99251438647818491  1.00000000000000000
  0.00771346631519159  0.02076867880990169  0.03239883092071620  0.04362549488275994
  0.05556515687373323  0.06698274958640860  0.07795250213884214  0.08857935976544067
  0.09868672714819005  0.10875405382828451  0.11881680257767795  0.13088338563101470
  0.14401841774510851  0.15500949916395171  0.16351683078036908  0.17233997849969990
  0.18266505207541903  0.19355945734093491  0.20435799137449451  0.21506468971967344
  0.22561873165432886  0.23607516464078571  0.24709152843176160  0.25820856879023574
  0.26775766492256120  0.27625545901789794  0.28432621168924027  0.29276849586607112
  0.30348718452090589  0.31425262587879260  0.32437030951965862  0.33394179547841690
  0.34277252298095767  0.35132735265864562  0.36151035968637857  0.37222623256664861
  0.38213738958803822  0.39350000215841480  0.40291699476438103  0.41013446577780011
  0.41865578088650873  0.42720713110947067  0.43675068835732794  0.44759809533115469
  0.46060961453914906  0.47446090238767480  0.48683202227425426  0.49831868943214175
  0.50965364227579846  0.52084840614024053  0.53155220921234680  0.54221799610811561
  0.55410500504661608  0.56731954360086545  0.58090531686834346  0.59390227504736814
  0.60596504966187170  0.61745967148631264  0.62872351694388884  0.63975132953347369
  0.65017857903989384  0.65948547584073502  0.66861851618171919  0.67843154636380065
  0.68881364484577201  0.69929244991274797  0.71028101000104649  0.72196962471220072
  0.73413796818323929  0.74621820326528809  0.75761659766117018  0.76914151534883068
  0.78081411757432739  0.79148997512331021  0.80030326282550035  0.80887166513153919
  0.81606460476863396  0.82310171972324320  0.83154446178499442  0.83947211170223979
  0.84796466402379311  0.85744755063023359  0.86728480786997553  0.87664142688863689
  0.88644277883429101  0.89662355110006453  0.90618831848880144  0.91646556701235171
  0.92732204575763211  0.93892514067178634  0.95099639259373558  0.96380298377997531
  0.97328882881744427  0.98393685783397788  0.99073778582340477  1.00000000000000000
 -0.04127156661417877  0.17739843620431489  0.22449396136726371  0.24890309798481339
  0.26817028735815357  0.28485427685926662  0.29941033642699544  0.31163276628336467
  0.32203026429196557  0.33101593446138644  0.33855020842987293  0.34516398326223302
  0.35128110586600020  0.35703399824054555  0.36219589098228511  0.36710576014960694
  0.37246359477365065  0.37735298952808899  0.38093420022480140  0.38412122009838046
  0.38775258178638505  0.39203786052246281  0.39658040223831414  0.40110404721136250
  0.40582030159267246  0.40986352409472615  0.41340448707941335  0.41697817196499953
  0.42086916053734685  0.42522684867287885  0.42936028175020408  0.43298431356466804
  0.43665805236008243  0.44047736885740607  0.44410016311386452  0.44746664986357559
  0.45076403725535047  0.45451623721784412  0.45872303379705670  0.46328810950831872
  0.46793612641848881  0.47215777492990124  0.47607943780191558  0.47977039252381259
  0.48336199678950303  0.48683538029561046  0.49058767939644277  0.49460647089910259
  0.49809301033490333  0.50119610177574592  0.50421985211799625  0.50695322157792511
  0.50966056401049242  0.51240396787402753  0.51582479234787848  0.51985314750677025
  0.52401951374850153  0.52810257232548319  0.53206564260876688  0.53597050400791080
  0.53993588809108173  0.54397010776873045  0.54778369183529585  0.55119525398846780
  0.55440349972401992  0.55749169806568533  0.56090350493842811  0.56494033379912922
  0.56929056686424828  0.57365987854429901  0.57829907344506570  0.58298395975440764
  0.58772165760649375  0.59247764744790343  0.59702794401665760  0.60193519371325110
  0.60652377895328624  0.61132001243857914  0.61646995401875793  0.62196272784799955
  0.62762127317502459  0.63355613578263059  0.63988864250845967  0.64686926152427127
  0.65453234326983023  0.66240987050244426  0.67075920581767390  0.68035689926624676
  0.69156258589073416  0.70478553597406501  0.71947344411564151  0.73409071511522062
  0.75005672554481972  0.77230691240498028  0.81525129484160774  1.00000000000000000
   4.1924157259873219E-010  -1.0000000000000000     
 T F F F F F F F F F F F F F F F F F F F F F F F F F F F F F F F F F F F F F F F F F F F F F F F F F F F F F F F F F F F F F F F F F F F F F F F F F F F F F F F F F F F F F F F F F F F F F F F F F F F F F F F F F F F F F F F F F F F F F F F F F F F F F F F F F F F F F F F F F F F F F F F F F F F F F F F F F F F F F F F F F F F F F F F F F F F F F F F F F F F F F F F F F F F F F F F F F F F F F F F F F F F F F F F F F F F F F F F F F F F F F F F F F F F F F F F F F F F F F F F F F F F F F F F F F F F F F F F F F F F F F F F F F F F F F F F F F F F F F F F F F F F F F F F F F F F F F F F F F F F F F F F F F F F F F F F F F F F F F F F F F F F F F F F F F F F F F F F F F F F F F F F F F F F F F F F F F F F F F F F F F F F F F F F F F F F F F F F F F F F F F F F F F F F F F F F F F F F F F F F F F F F F F F F F F F F F F F F F F F F F F F F F F F F F F F F F F F F F F F F F F F F F F F F F F F F F F F F F F F F F F F F F F F F F F F F F F F F F F F F F F F F F F F F F F F F F F F F F F F F F F F F F F F F F F F F F F F F F F F F F F F F F F F F F F F F F F F F F F F F F F F F F F F F F F F F F F F F F F F F F F F F F F F F F F F F F F F F F F F F F F F F F F F F F F F F F F F F F F F F F F F F F F F F F F F F F F F F F F F F F F F F F F F F F F F F F F F F F F F F F F F F F F F F F F F F F F F F F F F F F F F F F F F F F F F F F F F F F F F F F F F F F F F F F F F F F F F F F F F F F F F F F F F F F F F F F F F F F F F F F F F F F F F F F F F F F F F F F F F F F F F F F F F F F F F F F F F F F F F F F F F F F F F F T F F F F F F F F F F F F F F F F F F F F F F F F F F F F F F F F F F F F F F F F F F F F F F F F F F F F F F F F F F F F F F F F F F F F F F F F F F F F F F F F F F F F F F F F F F F F F F F F F F F F F F F F F F F F F F F F F F F F F F F F F F F F F F F F F F F F F F F F F F F F F F F F F F F F F F F F F F F F F F F F F F F F F F F F F F F F F F F F F F F F F F F F F F F F F F F F F F F F F F F F F F F F F F F F F F F F F F F F F F F F F F F F F F F F F F F F F F F F F F F F F F F F F F F F F F F F F F F F F F F F F F F F F F F F F F F F F F F F F F F F F F F F F F F F F F F F F F F F F F F F F F F F F F F F F F F F F F F F F F F F F F F F F F F F F F F F F F F F F F F F F F F F F F F F F F F F F F F F F F F F F F F F F F F F F F F F F F F F F F F F F F F F F F F F F F F F F F F F F F F F F F F F F F F F F F F F F F F F F F F F F F F F F F F F F F F F F F F F F F F F F F F F F F F F F F F F F F F F F F F F F F F F F F F F F F F F F F F F F F F F F F F F F F F F F F F F F F F F F F F F F F F F F F F F F F F F F F F F F F F F F F F F F F F F F F F F F F F F F F F F F F F F F F F F F F F F F F F F F F F F F F F F F F F F F F F F F F F F F F F F F F F F F F F F F F F F F F F F F F F F F F F F F F F F F F F F F F F F F F F F F F F F F F F F F F F F F F F F F F F F F F F F F F F F F F F F F F F F F F F F F F F F F F F F F F F F F F F F F F F F F F F F F F F F F F F F F F F F F F F F F F F F F F F F F F F F F F F F F F F F F F F F F F F F F F F F F F F F F F F F F F F F F F F F F F F F F F F F F F F F F F F F F F F F F F F F F F F F F F F F F F F F F F F F F F F F F F F F F F F F F F F F F F F F F F F F F F F F F F F F F F F F F F F F F F F F F F F F F F F F F F F F F F F F F F F F F F F F F F F F F F F F F F F F F F F F F F F F F F F F F F F F F F F F F F F F F F F F F F F F F F F F F F F F F F F F F F F F F F F F F F F F F F F F F F F F F F F F F F F F F F F F F F F F F F F F F F F F F F F F F F F F F F F F F F F F F F F F F F F F F F F F F F F F F F F F F F F F F F F F F F F F F F F F F F F F F F F F F F F F F F F F F F F F F F F F F F F F F F F F F F F F F F F F F F F F F F F F F F F F F F F F F F F F F F F F F F F F F F F F F F F F F F F F F F F F F F F F F F F F F F F F F F F F F F F F F F F F F F F F F F F F F F F F F F F F F F F F F F F F F F F F F F F F F F F F F F F F F F F F F F F F F F F F F F F F F F F F F F F F F F F F F F F F F F F F F F F F F F F F F F F F F F F F F F F F F F F F F F F F F F F F F F F F F F F F F F F F F F F F F F F F F F F F F F F F F F F F F F F F F F F F F F F F F F F F F F F F F F F
  <DiscreteSampler_grid>
  grouped_processes
  1 # 1 for a reference and 2 for a running grid.
  10 # Attribute 'min_bin_probing_points' of the grid.
  1 # Attribute 'grid_mode' of the grid. 1=='default',2=='initialization'
  0.0000000000000000 # Attribute 'small_contrib_threshold' of the grid.
  0.5000000000000000 # Attribute 'damping_power' of the grid.
 # binID   n_entries weight   weight_sqr   abs_weight
    37   10   4.399700587107298E+011   1.222583422220954E+024   4.399700587107298E+011
    40   10   4.702241209399879E+010   1.396503614797429E+022   4.702241209399879E+010
    43   10   4.702241209399873E+010   1.396503614797427E+022   4.702241209399873E+010
    46   10   2.512792854151475E+009   3.987912625625791E+019   2.512792854151475E+009
    49   10   1.256396427075771E+009   9.969781564065149E+018   1.256396427075771E+009
    52   10   2.512792854151539E+009   3.987912625626056E+019   2.512792854151539E+009
    55   10   1.342791159937268E+008   1.138804578886361E+017   1.342791159937268E+008
    58   10   1.256396427075736E+009   9.969781564064551E+018   1.256396427075736E+009
    61   10   1.342791159937231E+008   1.138804578886292E+017   1.342791159937231E+008
    64   10   3.587816831432411E+006   8.130041895594558E+013   3.587816831432411E+006
  </DiscreteSampler_grid>
