 -0.00000000571741517  0.00000005576616102  0.00000015432143171  0.00000025888611847
  0.00000037245214245  0.00000049391842635  0.00000062903845012  0.00000077781235793
  0.00000093702068943  0.00000109165553804  0.00000124006490383  0.00000138467674020
  0.00000152739765598  0.00000167801658656  0.00000183621043733  0.00000199820888063
  0.00000215706659914  0.00000231411054681  0.00000246999357751  0.00000262727088539
  0.00000278594786558  0.00000294178138035  0.00000310399188523  0.00000326353409667
  0.00000341904558491  0.00000357593011946  0.00000372956122319  0.00000388581614860
  0.00000403864233621  0.00000418808307255  0.00000433318671582  0.00000447506751883
  0.00000461835106967  0.00000476103212273  0.00000490842613591  0.00000505867225972
  0.00000520720439321  0.00000535811473958  0.00000550755109158  0.00000564983456098
  0.00000578950777266  0.00000593160995525  0.00000607311584457  0.00000622502634736
  0.00000638957849036  0.00000655415554262  0.00000671616179874  0.00000687412899443
  0.00000703072165780  0.00000717888259494  0.00000733011325550  0.00000747722608487
  0.00000762312824387  0.00000777261740338  0.00000792005831590  0.00000806546657588
  0.00000820999944831  0.00000835219256506  0.00000849463477295  0.00000863194420878
  0.00000877764027232  0.00000893020717007  0.00000908559401606  0.00000924081435925
  0.00000939164457394  0.00000954689186218  0.00000971413319649  0.00000988604203019
  0.00001006206730638  0.00001024536886744  0.00001043035602389  0.00001061908327673
  0.00001081302155729  0.00001101651408174  0.00001123222486326  0.00001146589923230
  0.00001172283837493  0.00001199151461029  0.00001227789450357  0.00001255719428392
  0.00001285196506081  0.00001315693356491  0.00001349872064566  0.00001385190603801
  0.00001415636669704  0.00001437253655026  0.00001457341746909  0.00001476198060063
  0.00001496259059179  0.00001516689709652  0.00001537302888733  0.00001563936699657
  0.00001592887059010  0.00001627001093793  0.00001669632816656  1.00000000000000000
  0.02476287602425848  0.02934704834984965  0.03574011951307301  0.04235274190087902
  0.04906825607566910  0.05593256115395739  0.06297838646961082  0.07025105522142368
  0.07748011569934246  0.08471607684503550  0.09221398783512251  0.10019780731503421
  0.10830796763302185  0.11614973983139783  0.12393460747440217  0.13177737996379318
  0.13950886987578504  0.14782241216947825  0.15629509517399054  0.16432675306867631
  0.17322038211844359  0.18304352034003477  0.19260620539222228  0.20175587620026597
  0.21100021155259321  0.22030767076608615  0.23007398482413136  0.24106165557373938
  0.25291682158141882  0.26360151156475581  0.27421458305225044  0.28485998097368126
  0.29452127745345236  0.30257478671664745  0.31113738950857756  0.32105322444070866
  0.33172846373929948  0.34141010292557128  0.35056171204196890  0.36009365160477669
  0.37049140767045985  0.38085982208709673  0.39157244124483354  0.40209035567405849
  0.41354288881526885  0.42485032662998024  0.43569474560706967  0.44554354390320566
  0.45496637713771015  0.46433638184257131  0.47459000720404859  0.48466525839088948
  0.49362282863577100  0.50281441078477596  0.51252554688609564  0.52311636185584620
  0.53331830938186808  0.54352859916192142  0.55323972851393310  0.56289828443718914
  0.57292035783175765  0.58453234624439543  0.59737269836166740  0.60898467517819765
  0.61949450709352449  0.63016047841331968  0.64155903659089963  0.65306356057121440
  0.66473635425599620  0.67626975492501684  0.68759181827577043  0.69840056129342376
  0.70897285158703793  0.71987091419374383  0.73056238524382455  0.74063425367763513
  0.75012530154576174  0.75986540601710373  0.77026080136707387  0.78108060523280265
  0.79239592134901171  0.80269420393106850  0.81312069842047108  0.82327851477082359
  0.83402284009553651  0.84618952688151872  0.85822694818834577  0.87083430500109460
  0.88403370518978619  0.89765526854244770  0.91244471957611151  0.92720326195839575
  0.94244241052873812  0.96049742609802802  0.97208103260023504  1.00000000000000000
  0.00906168993012818  0.01758757284576479  0.02722456039256305  0.03716316941534355
  0.04686703859670586  0.05687035132832309  0.06756021034118725  0.07858864237296641
  0.08915015398705074  0.09912958464014492  0.11021279299212652  0.12166670242484104
  0.13280014197559920  0.14340083482110313  0.15376444884953153  0.16447344850335313
  0.17606318946676200  0.18729821226481333  0.19869330845010746  0.20887650056551479
  0.21925681212785381  0.22951569897426444  0.23964181772759691  0.24977047634988192
  0.25888338270250366  0.26832740110063885  0.27774341526764779  0.28932499747694296
  0.30065525047227232  0.31113035322958127  0.32118528932684398  0.33059029672168300
  0.33980278573678524  0.34915904323028502  0.35968320635176765  0.37057531313688213
  0.38040525936223618  0.38974692984612852  0.39912594653514455  0.40880579710382164
  0.41867313441353965  0.42865351512404981  0.43875835598301194  0.44896939695303673
  0.45948636178717173  0.47050532351097596  0.48161574086703451  0.49222733423388809
  0.50242763666556733  0.51277643949328000  0.52312135890117228  0.53303575709097406
  0.54292441641746636  0.55316913448838101  0.56370455028645416  0.57374672732279552
  0.58335029319528420  0.59393727086290027  0.60430362476130040  0.61394116264851983
  0.62387251671889410  0.63397673989123127  0.64424938185773173  0.65468794786623552
  0.66468326738031569  0.67564079475207228  0.68634521482686872  0.69527960233205821
  0.70313605531178835  0.71161162699562430  0.72143884086057242  0.73102911592189190
  0.73966352836160698  0.74841871722389697  0.75864382310039769  0.76953407122846573
  0.78004316506978411  0.79000889050561585  0.79938879440584010  0.80896772416346652
  0.81952261606158383  0.83102859262547235  0.84300903157302942  0.85543503350432271
  0.86781615881595953  0.87978551733389787  0.89192880279127229  0.90331410411970547
  0.91489979712234970  0.92676437596944194  0.93835118486568692  0.94942175884182378
  0.96034322561971797  0.97125660751618481  0.98330739901691588  1.00000000000000000
  0.02511319598693170  0.02899831731221005  0.03512145757320155  0.04048455683664910
  0.04658789513079940  0.05328071037797358  0.06038034047756945  0.06742010970790069
  0.07489431414501674  0.08262948762625813  0.09071528684035914  0.09958009277608813
  0.10750942554731134  0.11377593527442935  0.12008278136179673  0.12713975589363166
  0.13516990231950168  0.14295755684185990  0.15014246365753647  0.15726277321845947
  0.16493342229611499  0.17325005049664979  0.18234660241062894  0.19088238097273189
  0.19988579389429331  0.20887399999104644  0.21811767206112867  0.22772174623466743
  0.23776309941761342  0.24868300332715546  0.25906403194912231  0.26929672023897666
  0.27902165965163706  0.28900569746176330  0.29772845830564448  0.30528649370506217
  0.31304742263809809  0.32206028368828360  0.33165494956286412  0.34149165539882559
  0.35112134883062512  0.36174434922917131  0.37320545869702632  0.38471271686179564
  0.39598641101748683  0.40731329286528090  0.41834445119138364  0.42839106937074828
  0.43856132926730984  0.44815194810812242  0.45793970083935864  0.46815686412204227
  0.47837219419503280  0.48879263750398333  0.49980995981387211  0.51040483255783331
  0.52117424512517430  0.53209277437660019  0.54330979259381418  0.55539160610569493
  0.56775595990928607  0.58003107887148109  0.59227891843056601  0.60429456284696215
  0.61577344719800475  0.62693111443534810  0.63776771498299900  0.64816809363453043
  0.65859082980911610  0.66860142306499071  0.67849858790765549  0.68845204663129500
  0.69959486339704990  0.71033723299778639  0.72171384843000230  0.73359436384704357
  0.74647839814731476  0.75940089665238375  0.77218857227317683  0.78300791888231658
  0.79422990320105147  0.80570483937312687  0.81735371956263025  0.82844438474355586
  0.83960870629323103  0.85117724697166985  0.86333285397631421  0.87608401589810347
  0.88871159041044867  0.90103259031868921  0.91361646585351985  0.92766881538207835
  0.94296509566840259  0.96094785081125866  0.97213170035972873  1.00000000000000000
 -0.00000000612527933  0.00000005446962833  0.00000014034404339  0.00000024270032519
  0.00000035387410618  0.00000047110275896  0.00000060348238156  0.00000075315361527
  0.00000090535854770  0.00000105498841099  0.00000120377021335  0.00000135709100561
  0.00000150705021698  0.00000166086245877  0.00000181778607705  0.00000197676484036
  0.00000213220544230  0.00000229034753950  0.00000245903556277  0.00000263248711138
  0.00000280721205984  0.00000298503168578  0.00000316245928839  0.00000333410657082
  0.00000349902057425  0.00000365898639783  0.00000381736573537  0.00000397605960434
  0.00000412606003770  0.00000426811779916  0.00000440386100571  0.00000453977997982
  0.00000467386166711  0.00000480542203673  0.00000494083406236  0.00000507845796578
  0.00000522484623723  0.00000537680409757  0.00000552679400509  0.00000567151630610
  0.00000581185617154  0.00000595492930460  0.00000609743753760  0.00000623879574064
  0.00000638113955407  0.00000652022325468  0.00000664731606887  0.00000677611084866
  0.00000690684811620  0.00000704015460848  0.00000717057529435  0.00000730148142541
  0.00000743940110945  0.00000757739144163  0.00000771374822436  0.00000784848508800
  0.00000798068203646  0.00000811100959018  0.00000824170335051  0.00000837607490362
  0.00000852294115603  0.00000867745644801  0.00000883116957027  0.00000898544102081
  0.00000913281539656  0.00000927490588096  0.00000941640014978  0.00000955337738079
  0.00000969369854678  0.00000983952054338  0.00000999229981128  0.00001015737801390
  0.00001032725222564  0.00001050269087488  0.00001070281727644  0.00001092523918967
  0.00001117363563684  0.00001144497952899  0.00001174038641178  0.00001204592246266
  0.00001235081207433  0.00001266192887785  0.00001298563457739  0.00001330778091294
  0.00001362065453731  0.00001391801458577  0.00001418705594772  0.00001445314539051
  0.00001472509538563  0.00001503760932747  0.00001540036187718  0.00001573162053789
  0.00001601328063265  0.00001619900939067  0.00001636432813253  1.00000000000000000
  0.00879948955286473  0.01809306746388731  0.02920726182100807  0.03987382938369638
  0.05071585106912656  0.06234568436713245  0.07349853456390973  0.08463154494219051
  0.09574799532132368  0.10686325681532834  0.11783712684724512  0.12912497042181556
  0.13945454927946632  0.15006473771230355  0.15887406120734160  0.16889954960488063
  0.17940399784734593  0.19033185320051227  0.20200278806430130  0.21330294738009206
  0.22245329644697795  0.23347545009999746  0.24357463693785106  0.25402032407758929
  0.26482328319184750  0.27478893131251420  0.28447644858622484  0.29374252292366854
  0.30325102024260120  0.31245313331345248  0.32106041114371420  0.32955409727495422
  0.33926150103487779  0.34987916821092457  0.35997284362976001  0.37039811741499773
  0.38147204737010287  0.39342066237400847  0.40525789970712561  0.41702574278413440
  0.42841112843193546  0.43968266601643630  0.45126523174430144  0.46242987895754367
  0.47325319672197941  0.48423321520619583  0.49469388432657979  0.50472425490519801
  0.51492583003018910  0.52579679396310997  0.53742434469684708  0.54812213539342558
  0.55713870755199690  0.56561455571092434  0.57454611850273030  0.58394136640717575
  0.59357823831920831  0.60350461713529835  0.61368255510035474  0.62348004490876474
  0.63304491437898991  0.64250494838883032  0.65259874925038497  0.66253803008169077
  0.67274181401876632  0.68306590471682960  0.69362028217152671  0.70439108382524251
  0.71526484546581659  0.72601725870386513  0.73681210788145046  0.74751873534363278
  0.75753879385743228  0.76742456446586915  0.77742238421435539  0.78783385391305827
  0.79812878062228665  0.80825536905843509  0.81831744193669320  0.82887457391060304
  0.83990594111275563  0.85070304229076710  0.86141325482721010  0.87191255312408877
  0.88256192277859091  0.89388463899322856  0.90557423088493660  0.91703151325649612
  0.92819767171755430  0.93944647243683022  0.95141696490033023  0.96350389776666545
  0.97398408711762252  0.98272913545648100  0.99092342827723312  1.00000000000000000
 -0.00179474352560602  0.00777768166449064  0.01767578475353310  0.02776061783425886
  0.03861342492762880  0.05052825975953265  0.06247487856447879  0.07368684419646232
  0.08524464220260182  0.09676131210554569  0.10834550775192905  0.11975678406693598
  0.13052946129505288  0.14018885416971921  0.15032630254665211  0.16089707497328168
  0.17227515729950518  0.18247564241768308  0.19299554388534815  0.20490575234182787
  0.21611251253704011  0.22729180521951850  0.23875834466872140  0.24999107685580180
  0.26095327164988658  0.27191795614553477  0.28334978214756840  0.29427922961149161
  0.30443514650116038  0.31475190946912346  0.32591161191406637  0.33734280535910460
  0.34899855346976427  0.36096047499375677  0.37243108452206503  0.38277652624799230
  0.39242829458011652  0.40228963739878282  0.41294458713390053  0.42412187300301629
  0.43528593505094743  0.44655333361057598  0.45789275180537420  0.46886984650584429
  0.47945891633061605  0.48911054995007919  0.49779757211249454  0.50617122108245649
  0.51469554925405758  0.52419855965978279  0.53525397819066134  0.54723619972902582
  0.55898344461476013  0.56979764334801508  0.57922919217967417  0.58879508797013247
  0.59789007467844890  0.60672828542206858  0.61636858327145727  0.62598609010987238
  0.63694340733340105  0.64753755459574758  0.65793278675091560  0.66771531290198360
  0.67647374241028435  0.68491036674098493  0.69374866480408925  0.70238432242607973
  0.71136456651687296  0.72153966288389948  0.73243707333706243  0.74309045762628989
  0.75428864224140613  0.76477357372619525  0.77566037617278993  0.78742125802859197
  0.79985261842518218  0.81114355763698442  0.82201269284037737  0.83282247393654940
  0.84377281054404052  0.85523337239878983  0.86640418654126583  0.87704828012184255
  0.88754053878627404  0.89821874463754692  0.90826106823413300  0.91739565405017043
  0.92636365808854237  0.93561018716693922  0.94647605904096721  0.95775294913087294
  0.96806997124195560  0.97887065754952629  0.98940806197217357  1.00000000000000000
 -0.00240750857972361  0.00957745848662497  0.01895807886277269  0.02863081310714930
  0.03750635736924751  0.04706683673352972  0.05652882983788698  0.06662193049037991
  0.07767853215321609  0.08918087172116017  0.10087944405838277  0.11234275065090127
  0.12294219725343367  0.13328311068737317  0.14357570133210637  0.15485250183211480
  0.16671672099687831  0.17817755654342951  0.18859612788695598  0.19820169396781964
  0.20756029621743047  0.21723718089208521  0.22775819805470920  0.23796492550977924
  0.24847791168549341  0.25827191228229845  0.26849118808742184  0.27928505225939593
  0.28976318175219584  0.29970077828712000  0.30958894364491674  0.32034409028231370
  0.33170843646696968  0.34191787774881982  0.35198438732693277  0.36211062149227313
  0.37190671832422090  0.38152562463376366  0.39161306611772972  0.40207212189100267
  0.41259624080322777  0.42330908873152584  0.43422174273322006  0.44502300865922767
  0.45475921411156289  0.46424024370047617  0.47430679714360940  0.48447645264303307
  0.49378367037951049  0.50236411051401997  0.51123889585435089  0.52055446019644414
  0.53083927912970774  0.54240186164548565  0.55444862548656504  0.56656695967412996
  0.57858741941708036  0.59083840480910721  0.60317831710478231  0.61477300682615066
  0.62538809872101808  0.63561183021500567  0.64576576810737774  0.65655190198927360
  0.66779576241423066  0.67926918673619652  0.69079843940264907  0.70191948638092927
  0.71275880464608299  0.72334367484852524  0.73459217129340881  0.74739977380209943
  0.76043918030242086  0.77288270161421879  0.78536050932089263  0.79757673298359055
  0.80915215373379390  0.82045420550873527  0.83094043475982027  0.84087754426145145
  0.85054191140777469  0.86054119703047771  0.87059459239163473  0.88105038745317421
  0.89121463203732143  0.90082330577729286  0.91077058956647028  0.92015771024428772
  0.92910656938871639  0.93902163445599773  0.94941323179801507  0.95984889278183450
  0.96927667219873437  0.97878225074168745  0.98873106156754265  1.00000000000000000
 -0.00175098418203905  0.00745176440699125  0.01625398746997808  0.02450432061568316
  0.03345294839845568  0.04416820933945521  0.05433295186227323  0.06488948952660246
  0.07538293826075029  0.08551012598381756  0.09640770721883206  0.10731952933735650
  0.11950933979295308  0.13059923199161957  0.14236016747509708  0.15300683685238442
  0.16256569130515205  0.17135337165956036  0.18018536478714656  0.18992383855773923
  0.20024189307237075  0.21040748669549722  0.22071126561231064  0.23201351857172980
  0.24479289097375934  0.25777903353400433  0.26949677922553983  0.28136992532603317
  0.29329565861514856  0.30489697463225113  0.31610848389514584  0.32751144613239913
  0.33907182880749498  0.35027829559891915  0.36066566170259651  0.37061283155355607
  0.38066011244885828  0.39019158385930913  0.39938892484220018  0.40769688746819527
  0.41555845005481701  0.42333297120830432  0.43203570339312963  0.44085891024580903
  0.44956471242059404  0.45920728545885803  0.46917008228516999  0.47958966118476276
  0.49093167442411589  0.50245804565624841  0.51371255682005124  0.52450935802378285
  0.53516345320243208  0.54586326091003767  0.55580320299831676  0.56475534413240092
  0.57377294346152352  0.58355051838494443  0.59483429823794831  0.60744080786679355
  0.62002961778178922  0.63225605319679967  0.64372105072348318  0.65403226545272153
  0.66404771690459508  0.67381262459881963  0.68370560804763636  0.69409696336962556
  0.70458776345975038  0.71501486659958602  0.72564601068743573  0.73689728334352833
  0.74862937908504112  0.75934541451615589  0.76937708470402233  0.77955710847641402
  0.78962854608931909  0.79972499929740781  0.81027771344807220  0.82144700383946656
  0.83309217005924485  0.84481540629501917  0.85715668255701316  0.86910242960863537
  0.88135415735798905  0.89393075783982889  0.90650624461147888  0.91863278222746036
  0.92973679463111614  0.94007623340783086  0.94890819327091724  0.95774860789677185
  0.96758297637830681  0.97788009579442714  0.98944426553245812  1.00000000000000000
 -0.00280131568439946  0.01029950053341719  0.02179127495016354  0.03407119456920577
  0.04675037924796025  0.05903375002964825  0.07050657658514331  0.08152781306448600
  0.09236112675178389  0.10316086869086211  0.11356283688471465  0.12406617567199511
  0.13570468335886707  0.14797767723498639  0.16084123976871398  0.17403478238440406
  0.18680668790925278  0.19829602300322208  0.20861056308237813  0.21893830068458625
  0.22965859983153264  0.24060992177721482  0.25189360368115588  0.26313837896899195
  0.27403665324995596  0.28427668947396173  0.29491195199817788  0.30558220182984863
  0.31591378363014372  0.32541615070322177  0.33504822321498007  0.34477184306337916
  0.35422557968421248  0.36346706813108542  0.37249644836717966  0.38209567097521374
  0.39203965716208555  0.40150077325672195  0.41033656922789580  0.41928795352842296
  0.42861035116242147  0.43847992621348014  0.44860981052463939  0.45920976691308663
  0.47052535688903702  0.48200617802493967  0.49300275093926466  0.50345854890380437
  0.51415244771292412  0.52508442653882170  0.53573712246159833  0.54601456704864038
  0.55675026619724777  0.56791924827898721  0.57949400488984470  0.59090115724479497
  0.60235624370347651  0.61441617740915433  0.62681907362639289  0.63883671382400042
  0.64960735528479285  0.65905490504333053  0.66813155334922858  0.67777329988257795
  0.68855510333866565  0.70007720384994276  0.71161455732606482  0.72264307682232654
  0.73284103358731323  0.74224288061748889  0.75141268790644955  0.76057538709224359
  0.77019016819234376  0.78002307324265985  0.78966737351277461  0.79925082960265170
  0.80818526215599173  0.81695360270066086  0.82654886766636160  0.83639640038890772
  0.84643088031912761  0.85591826034303031  0.86431812162737220  0.87363185716602265
  0.88379158301934746  0.89406209043510221  0.90375460759940696  0.91251325324111154
  0.92183689713259109  0.93249133153402952  0.94311484856742944  0.95366870699482242
  0.96459132569859418  0.97576902917360564  0.98721285337344888  1.00000000000000000
 -0.00229396212609663  0.00958310051284379  0.01802051332337766  0.02729103312106778
  0.03737718023024406  0.04769094937003679  0.05834763321348307  0.06881562216293614
  0.07894599041686083  0.09026883605504496  0.10088562710398050  0.11131173543296505
  0.12257321286799820  0.13308827857279207  0.14387129960143891  0.15502504257573776
  0.16621769184879984  0.17663003670378863  0.18648317180625365  0.19795416586594541
  0.20998253482048074  0.22132755586009953  0.23268515053992680  0.24448588014952741
  0.25645244668311085  0.26770908993162340  0.27858503061263873  0.28922928027764672
  0.29986202704525483  0.31085918948042845  0.32148164768968085  0.33262113503796009
  0.34397311854814228  0.35512234425749789  0.36632602493917776  0.37819885909778828
  0.39069563301534188  0.40254656672738243  0.41320060190275831  0.42338059043324189
  0.43358635224306163  0.44392298491660248  0.45433067685022477  0.46515257981202940
  0.47546963248696361  0.48511818977670940  0.49502974206928990  0.50595177231379884
  0.51762046908791226  0.52903281402702085  0.53985804347043564  0.55060513353264418
  0.56199047543113367  0.57461261658831675  0.58705503943123427  0.59903112260850311
  0.61056750102857471  0.62172443051089710  0.63263797266621946  0.64406589777777923
  0.65617077752244768  0.66757923805078889  0.67787903629797841  0.68821166877036166
  0.69755234181975356  0.70596211240084084  0.71449931194138094  0.72395686730808051
  0.73428967803526168  0.74490158567464482  0.75566378272254298  0.76639232844103833
  0.77716603096150683  0.78849963579143223  0.79865544023263613  0.80820694610103361
  0.81829844043700350  0.82805437300625639  0.83795043389554713  0.84684851092942137
  0.85451187373614157  0.86257016251882068  0.87153414443940924  0.88184491781047880
  0.89251321992914001  0.90159423242555448  0.90963783406951471  0.91828163433651466
  0.92858003628324692  0.93936861759107526  0.94885868316491684  0.95802961451882018
  0.96849355575852503  0.97923633605544291  0.98939330145550919  1.00000000000000000
 -0.00322153544687463  0.01098064985315342  0.02454938083752658  0.03699117545824229
  0.04801851759501448  0.05798211544755772  0.06776850591402764  0.07772749616845137
  0.08750580865447657  0.09736231627895289  0.10747241180126359  0.11778287721976058
  0.12812502941725140  0.13893409155722053  0.14999914716271207  0.16094234426940313
  0.17174969773002224  0.18223333404564754  0.19277284050938204  0.20334091461210255
  0.21445666944780270  0.22566296992050544  0.23685622439206033  0.24824652616053638
  0.25939187593314211  0.27047609077506651  0.28148344466261482  0.29208485655605088
  0.30307890054423553  0.31499293492630387  0.32738669619226113  0.33860607152036459
  0.34840665110517371  0.35823978433535053  0.36726670752624963  0.37588840951011215
  0.38466016769216960  0.39502925646448356  0.40592811809148582  0.41644656220561171
  0.42716142848175892  0.43780345218701522  0.44723295411344605  0.45610014570625901
  0.46527143400148935  0.47597489893158657  0.48815460020550477  0.50038745064622392
  0.51169066868458035  0.52161892968674872  0.53068142811595387  0.54015446550409751
  0.55040132957018240  0.56027218233757980  0.57001427608274180  0.57987703342764563
  0.59006385664515071  0.59956984335161878  0.60850216538158364  0.61811554791265921
  0.62761959298603653  0.63771283975379300  0.64877261960291388  0.65987848362588764
  0.67046292975198174  0.68033349473231830  0.69037041594996740  0.70054062025461394
  0.71148394221408007  0.72356882102837017  0.73563767024260418  0.74767610413461150
  0.76038161520378333  0.77334459428644453  0.78550280349547774  0.79773352031258671
  0.81000328562011670  0.82187711015420239  0.83355623048129635  0.84525552850392516
  0.85636854697265297  0.86622047829572457  0.87714065201778268  0.88932020947347379
  0.89932957074677800  0.90836048869482622  0.91795987211436958  0.92721555611163364
  0.93635587655011865  0.94520077785039713  0.95420779971004177  0.96344213853471872
  0.97262009404955330  0.98129045222425626  0.99012538852549870  1.00000000000000000
 -0.00267184044056948  0.00951446214035077  0.02183171370133848  0.03375678869610380
  0.04475436319404837  0.05526402956036430  0.06531326988254890  0.07560981076884370
  0.08585245741228488  0.09660957223006392  0.10774438783598494  0.11885501867912460
  0.13007651707272308  0.14146104517002261  0.15346481674164952  0.16550926759389767
  0.17724011412317164  0.18875282298195703  0.20067612041316224  0.21241948608845476
  0.22370878420869289  0.23494298769418254  0.24657482654402804  0.25818321148286799
  0.26926877796773885  0.28010290893321832  0.29108664769812304  0.30213293348488768
  0.31290064234429654  0.32341442861991010  0.33357122519816362  0.34244425679871499
  0.35071011136755842  0.35913625052635767  0.36807381564174407  0.37685878405172663
  0.38573004254578830  0.39620801694824065  0.40676133355723393  0.41718445736074344
  0.42859333889499518  0.44083073411081830  0.45293576898878984  0.46466525612416654
  0.47563373118385766  0.48579245389818471  0.49566321706823058  0.50564211833661166
  0.51590611559775745  0.52648594805171245  0.53753846504089631  0.54910201586690732
  0.56045167882214986  0.57073979877418568  0.58040042456373797  0.59020252245266902
  0.60031926128192681  0.61035658524344771  0.62106386227227350  0.63308921207731317
  0.64552577462610317  0.65711558664913028  0.66767192405006237  0.67808894144233001
  0.68863845966793102  0.69859902148715447  0.70826802335456296  0.71834630904602270
  0.72862204470688297  0.73940557625771863  0.75040585858404552  0.76102013646047517
  0.77120159621143880  0.78085616356396859  0.79096806297110445  0.80165177645391728
  0.81220967654911580  0.82220653491544438  0.83183512821457495  0.84135305003071870
  0.85083670637684494  0.86034335833624054  0.86899840422988361  0.87834920358450153
  0.88873991134487218  0.89828790516716728  0.90669241802343614  0.91606313156295083
  0.92600328528752596  0.93681735900357677  0.94661276554574947  0.95658391726667780
  0.96680642665228389  0.97855213215784154  0.98834617824506676  1.00000000000000000
 -0.00199230383221747  0.00816933277115339  0.01724939095982811  0.02680885018554105
  0.03740763409955986  0.04705326441733559  0.05579097921471612  0.06445674654330505
  0.07389621303207568  0.08371784294312951  0.09391917244570787  0.10455920998014845
  0.11573053139255256  0.12744391632225455  0.13975095757604514  0.15162519577708100
  0.16328126685633262  0.17451389639107218  0.18510019555780369  0.19584714615340623
  0.20644744147016059  0.21758595377007625  0.22805238538518197  0.23840002817509309
  0.24960327154164100  0.26181465743891186  0.27483080198192866  0.28737208943827852
  0.29887449927613552  0.30855157621440527  0.31766788212726277  0.32665388563387487
  0.33529174158982988  0.34486438197871083  0.35522958712120023  0.36643907867190428
  0.37816248625374710  0.39069513186556920  0.40263410653695203  0.41381205827436990
  0.42519240751542553  0.43643769052890830  0.44697672272012157  0.45736273818833140
  0.46796156887687651  0.47820974155198209  0.48783712527047607  0.49722548108765247
  0.50672780059688161  0.51710981686045632  0.52793051068769659  0.53836504747403324
  0.54890252694462272  0.55959512641276432  0.56996798063633902  0.58017188059161018
  0.59012538139391602  0.60022718370670247  0.61011915661942029  0.62035965336523602
  0.63107353694402601  0.64219997354458436  0.65360604829325286  0.66531452261059343
  0.67739552748699516  0.68911714420583770  0.70022174198846387  0.71116288959684404
  0.72236120811465487  0.73422783754788334  0.74610914204433354  0.75753671656788635
  0.76791446368866445  0.77748137453577293  0.78704237336799487  0.79710474189972813
  0.80715929745690140  0.81702505768323297  0.82689690936896409  0.83741598952088381
  0.84867166405641559  0.86039634720447256  0.87175262482446847  0.88192083859442116
  0.89149992465525763  0.90170528085626700  0.91108772401162763  0.91988470712444559
  0.92848328115739942  0.93785155771348028  0.94803859489996545  0.95820945162900317
  0.96870643098597786  0.97912506577254699  0.98966848098565829  1.00000000000000000
 -0.00201753468050806  0.00849920289485312  0.01896457275492533  0.03025928245664655
  0.04208339911215322  0.05423454882925775  0.06551023773795780  0.07511582238946451
  0.08560810357746719  0.09555732691833714  0.10426088225879956  0.11287749314780526
  0.12266344968726993  0.13302625938492951  0.14316545621793991  0.15315141358107581
  0.16253152464847406  0.17167971234881543  0.18061101724730105  0.18936296201706590
  0.19869395008414206  0.20883345766650102  0.21947972557323181  0.23023399777605288
  0.24116742888606874  0.25228725535185514  0.26274528392687618  0.27243421471224788
  0.28215330415848211  0.29210804180683597  0.30211630292636454  0.31173356602526736
  0.32118775072031619  0.33115790821724966  0.34110533810347832  0.35063501893854954
  0.36066714088271329  0.37165780974275708  0.38312258548159461  0.39428363415483020
  0.40490783413303671  0.41554924585589470  0.42630260200304693  0.43741754593677540
  0.44943639847920880  0.46193109913540864  0.47425423895850144  0.48589557976616343
  0.49615084880528820  0.50661998226347593  0.51755700825627771  0.52883203627840125
  0.53947527293487685  0.55149125932086041  0.56349267692882676  0.57499456186851339
  0.58552340642445333  0.59555292435573226  0.60659190558424736  0.61838982247279572
  0.62997558888147631  0.64016153520592356  0.65132132458006842  0.66293221343619013
  0.67377955122844102  0.68384120550112659  0.69358671019333962  0.70345396036598984
  0.71316327314400363  0.72269332124223040  0.73241828712448265  0.74253804762925069
  0.75226335470034555  0.76238518758317986  0.77164395878298786  0.78015702531626063
  0.78813021566953179  0.79776393366007914  0.80780987252430847  0.81846427012576040
  0.82900071986006485  0.83914971521966342  0.84920454791803268  0.85998734529504950
  0.87166499513673024  0.88342495956477074  0.89485178124154008  0.90621017329962517
  0.91798305051514684  0.92990167747110875  0.94196000653685108  0.95364055585944374
  0.96549526167049371  0.97751886376685171  0.98819706774770311  1.00000000000000000
 -0.00232928907758058  0.00894504043186120  0.01881106075154016  0.02890230309075182
  0.03912509916227470  0.04916502429102574  0.05977624114092366  0.06999039646155163
  0.07991623665801874  0.09072296816161746  0.10173318676148281  0.11227977158794829
  0.12285474582689868  0.13420571723919822  0.14635367820105633  0.15931558889018135
  0.17211696372467480  0.18384975210065724  0.19515123706750240  0.20600331216961387
  0.21630685550890627  0.22650858430904605  0.23678056555639693  0.24721950407635124
  0.25814930632583732  0.26919611260353726  0.27938827817523992  0.28928080489633545
  0.29958328297668063  0.30913076032001835  0.31790705415302467  0.32725799434772851
  0.33839376414480077  0.35104132110732417  0.36366078347069308  0.37556133901472311
  0.38722560575370318  0.39897661380081151  0.41074504410842028  0.42229247817798149
  0.43341867523744304  0.44366592426750179  0.45311140747531670  0.46219235161209887
  0.47101274837543683  0.48054695535866943  0.49047172433864994  0.49989342099254847
  0.50922517318362792  0.51916143379545066  0.52922062033072126  0.53975285517813176
  0.55050584217357035  0.56093153217450642  0.57147504048621400  0.58241079794763173
  0.59359733539106652  0.60499713097031038  0.61647264160082860  0.62779236045809095
  0.63878776044623720  0.64950109273015311  0.65994333447085018  0.66931266482361862
  0.67796410784255901  0.68741519649093197  0.69738926778493282  0.70708907702374946
  0.71696678466448105  0.72734472118382831  0.73752713607196352  0.74730017589297548
  0.75712211178298039  0.76755183301062024  0.77878993287498344  0.79013461961126852
  0.80257896219258895  0.81446591033484261  0.82443399887329905  0.83454298190295484
  0.84518117784871294  0.85546982151877216  0.86527286499658496  0.87473623436830217
  0.88469450883928391  0.89531002053936748  0.90516247242386894  0.91536342721713093
  0.92717497546893635  0.93751992128658246  0.94692833160254464  0.95695245116441285
  0.96668959661838394  0.97728353192493955  0.98870855825671333  1.00000000000000000
 -0.00242512830827578  0.00895189525178060  0.01986294926222767  0.02924247073303419
  0.03882744314547877  0.04792817229622420  0.05774638458218053  0.06723428082001530
  0.07700559948587769  0.08691503396582097  0.09677169625485284  0.10643242650950020
  0.11775949142591551  0.12917054652808807  0.13929661200120189  0.14944196350135328
  0.15927401600110791  0.16975010912150601  0.18146866233288239  0.19324341096982176
  0.20438144092438013  0.21466337284058920  0.22468391777060540  0.23406500522439905
  0.24365429195281638  0.25399690350833992  0.26556081365562134  0.27784415506494986
  0.28976543779599689  0.30102889123127047  0.31223396359192002  0.32262540404116224
  0.33410565280119675  0.34631967102067196  0.35833528606525916  0.36937438998403060
  0.37932766615718438  0.38862967268155840  0.39821141617468925  0.40889570790302787
  0.41965678648653937  0.43065828569986797  0.44200177456567924  0.45362135089676048
  0.46479308592201557  0.47553131276002741  0.48639909817363358  0.49700111557112431
  0.50721247984839657  0.51773321962001517  0.52823057039333654  0.53827935603902533
  0.54813749852807558  0.55841804178293653  0.57096325065309472  0.58410302506418843
  0.59578846612620251  0.60669274776595450  0.61727168656383813  0.62755800212571466
  0.63794240194483165  0.64841086397805636  0.65915564806001714  0.67024066565936891
  0.68168212830260355  0.69224507648695854  0.70173214506535475  0.71104144723030804
  0.72034013691815890  0.73002989737231805  0.73990387564908822  0.74973817285043032
  0.76013132446944931  0.77151982589451618  0.78186866391707310  0.79275234720748711
  0.80335911172982410  0.81346566610573090  0.82339496831315906  0.83372514348068516
  0.84365357068652569  0.85378526356752404  0.86470043201354785  0.87664490209962753
  0.88846811043979557  0.89887955520220397  0.90858586195826319  0.91808126398436618
  0.92800182091145589  0.93840176910425788  0.94952824218003395  0.95995060112448016
  0.97010102784813501  0.98008956277294013  0.99013462574931044  1.00000000000000000
 -0.00342990870881081  0.01130335397551353  0.02305778617052912  0.03438332189340383
  0.04535682497721076  0.05637980981863906  0.06729074931150227  0.07791185996819260
  0.08891487294508929  0.10094878908893345  0.11199995177967273  0.12253639509444571
  0.13333145111804834  0.14424611640178059  0.15519216620709789  0.16666556530917570
  0.17839305115625118  0.18928777268601785  0.19979962788769415  0.21030252607649572
  0.22069187754107761  0.23188777307339686  0.24332943501714743  0.25421243783735914
  0.26482047590616331  0.27556822998647024  0.28573052333556620  0.29526554700141916
  0.30464934362629731  0.31476518939897641  0.32581823723859954  0.33742663810255041
  0.34994212737703756  0.36098271299082563  0.37087201914385443  0.38071184027817118
  0.39009773764076500  0.40058316301770147  0.41158921479598082  0.42273403981573660
  0.43432943323890810  0.44646842828112315  0.45906896952436677  0.47117983174865891
  0.48176431972626260  0.49056318204459093  0.49963083683018289  0.50876146695057700
  0.51868726704610246  0.53044412357768222  0.54242718207860874  0.55386956500895590
  0.56465461428862662  0.57516199234204857  0.58611170042943539  0.59674891286721188
  0.60708060782113937  0.61733086121264502  0.62767288314853009  0.63799916654393773
  0.64767256133430862  0.65739604406789365  0.66796617670606173  0.67870546476286731
  0.68921900951651049  0.69945626726318344  0.70970904059868634  0.72005302519952219
  0.73071108551211972  0.74176695558820516  0.75273172630818308  0.76301136462772068
  0.77266391152765024  0.78256787110433690  0.79262107302224150  0.80193998175222958
  0.81084394555805539  0.82012092708184725  0.83004683635908261  0.84094477677585389
  0.85216120225956060  0.86216421789579201  0.87103859253001181  0.87997795372747978
  0.88890022474085018  0.89813396941478385  0.90705351917663268  0.91653515805143781
  0.92871859070293195  0.94078098921489750  0.95161087562115143  0.96160790639418769
  0.97111677627020820  0.98050489284495379  0.99031389448316465  1.00000000000000000
 -0.00239539173788406  0.00930171278341438  0.01922969879991642  0.02895600108727631
  0.03821507178829113  0.04781805280085477  0.05790023141919726  0.06902753927791627
  0.08126661685852550  0.09304234147930142  0.10517862951704271  0.11664895341813650
  0.12729059854518920  0.13730184264427478  0.14687934115721371  0.15728521904919207
  0.16703892016402150  0.17726173010443055  0.18916896567533245  0.20086271656955612
  0.21307647057661092  0.22516744443377965  0.23694023036612605  0.24806954663637948
  0.25914705638964652  0.27042638080143866  0.28130630112323052  0.29222046550126174
  0.30272062467493605  0.31259354198302886  0.32238798468152935  0.33264174890301323
  0.34366542279791257  0.35528603551438204  0.36672117033442314  0.37748587128207600
  0.38788259430860578  0.39836233956665790  0.40899914729192544  0.41989220352016027
  0.43108191071935059  0.44234606008235205  0.45344969109513888  0.46420399185798611
  0.47460922176506787  0.48487301829476365  0.49506349556383816  0.50529768517245532
  0.51591477265643060  0.52762225454414569  0.53992104642493144  0.55146433483812596
  0.56191801709254263  0.57185922673904144  0.58070606290434856  0.58910173138571365
  0.59763045151472582  0.60692607837204038  0.61724277665382232  0.62785275304767152
  0.63847208165346558  0.64888831216147769  0.65946430276858159  0.67020741117366844
  0.68123428100597638  0.69262968493047350  0.70387242320542254  0.71486242771054409
  0.72564704235220379  0.73612278951702337  0.74700094950013574  0.75847554357625668
  0.77011517332681567  0.78171804948104961  0.79289334946107204  0.80374855764166486
  0.81434297550108015  0.82518472606786397  0.83646839170114040  0.84788154903460000
  0.85848594813185508  0.86853485901714167  0.87905117108207509  0.89021910620969180
  0.90106089367301401  0.91154112954782796  0.92075569157814618  0.92934870742938314
  0.93844403253439357  0.94796315280435772  0.95698959600384925  0.96543084894147435
  0.97330218187136308  0.98177003584993883  0.99117976373749361  1.00000000000000000
 -0.00284160502469685  0.01032017996606985  0.02153054879455472  0.03309764437550512
  0.04358927639631082  0.05387459648393104  0.06436497740729033  0.07515963872752725
  0.08526933802623890  0.09397251716280509  0.10274613377140182  0.11245711655933852
  0.12338730093090927  0.13356101351691083  0.14466351963078139  0.15446527950860137
  0.16291956722361201  0.17138893247882558  0.18038902208797167  0.18935418684431479
  0.19781880059595108  0.20652074368826415  0.21682123202197948  0.22787624776921392
  0.23871010683972543  0.24932889171043940  0.26093158773393044  0.27288045764741364
  0.28500080729097410  0.29722145388213839  0.30937641869856930  0.32070183531610263
  0.33049094513165356  0.33968023161884231  0.34926283128746144  0.35924302842734662
  0.36954359231290074  0.37920442700076368  0.38837048384460915  0.39810839385838853
  0.40880284978130982  0.42048580976161121  0.43195657030370671  0.44295901726406434
  0.45396997617678425  0.46467407861309767  0.47529170242921448  0.48618951763165497
  0.49729273919912609  0.50832820292418490  0.51980593012537923  0.53143171194934624
  0.54251326331821759  0.55335825533075478  0.56480829130046273  0.57699057900724215
  0.58877134035903600  0.59982904643009671  0.61028109273428344  0.61958704795012620
  0.62928681744652004  0.63878269186707959  0.64859862956605863  0.65911021005099457
  0.67015284363308292  0.68173036701323841  0.69373197946262344  0.70516762280478507
  0.71440362134967883  0.72343633705055110  0.73319064096748310  0.74306963375873136
  0.75307005118365156  0.76274386338194833  0.77299443577285964  0.78393885474786851
  0.79523277455203412  0.80682715649861858  0.81795929148602309  0.82720903012007452
  0.83720898824958057  0.84772468824907254  0.85758989511369732  0.86800689196107195
  0.87843995898045246  0.88983677378888126  0.90183804791613331  0.91338073954314947
  0.92484792193477861  0.93669743771425129  0.94790174771242719  0.95915476668243960
  0.96934857056384904  0.97986655623030783  0.98998575484807172  1.00000000000000000
  0.00916577769000276  0.01658850918038285  0.02789300097686259  0.04125564455474522
  0.05046418981160801  0.06032518695101981  0.07008330760164415  0.07957486168015726
  0.09029848895842374  0.10032594502503479  0.11010762146405248  0.12082015827345935
  0.13166328147742604  0.14329707699807423  0.15440245249115978  0.16536308539080860
  0.17567442547798937  0.18596016248214517  0.19673675957489628  0.20719551075253367
  0.21775458026449404  0.22812291852549244  0.23892570988058859  0.24922490112423781
  0.25716346308230748  0.26525623112394042  0.27347217878564967  0.28297780734750444
  0.29280621140020036  0.30214224141375295  0.31110760884273031  0.32088204956465033
  0.33124593439852668  0.34173181710847689  0.35292430792058033  0.36466409368308589
  0.37675115772567880  0.38829893915018304  0.39957089991180350  0.41077341740535928
  0.42105211272703280  0.43102189103609878  0.44076018029845798  0.45041017349499030
  0.45998586356649518  0.46983329018679026  0.47953203698851854  0.48872568084175433
  0.49778665457061000  0.50696331315658671  0.51580583530256308  0.52425512028518018
  0.53299228969794865  0.54310771934933211  0.55336569235305599  0.56297393426843334
  0.57240224248671923  0.58170601098997132  0.59121236244421249  0.60131293486208126
  0.61198816187336669  0.62365521616589614  0.63647119243770078  0.64917852644043195
  0.66193772460588896  0.67436139480322654  0.68616517635832297  0.69713598511575003
  0.70785201529952313  0.71868650463157369  0.72953129217976787  0.74041102536118109
  0.75094880529457253  0.76074176773082436  0.77058491606788704  0.78038043147476177
  0.79065625719448984  0.80212957603656065  0.81347316253732549  0.82449994122486558
  0.83529272187447134  0.84606912275453827  0.85669387306045575  0.86735282503296585
  0.87791292497436135  0.88783823059998868  0.89730562442661954  0.90671413897065134
  0.91602184034544221  0.92543923973812137  0.93512958804590751  0.94577039994318723
  0.95805284898852439  0.97163798388639544  0.98597191595195344  1.00000000000000000
 -0.03702154458202780  0.16802843980346927  0.21944824000490498  0.24650057462241209
  0.26388417762661798  0.27708417505523214  0.28756360144714443  0.29695985016209964
  0.30659752086337050  0.31518851587566565  0.32276640877186336  0.32990739751438203
  0.33720743674573678  0.34443286795918743  0.35103281235876577  0.35738808053285975
  0.36351257540356885  0.36947443520853102  0.37502962688291175  0.38014026600452083
  0.38512259462665582  0.39023646060819239  0.39550247171621977  0.40065705805622631
  0.40537281516790385  0.40966556808681548  0.41381966678519849  0.41802504357517017
  0.42230675013141206  0.42679926683513791  0.43135049539399190  0.43557402314072075
  0.43960763788573531  0.44369938286042082  0.44768722243869508  0.45152105037462698
  0.45513017695879571  0.45865520828330264  0.46226950796039068  0.46605915125977282
  0.46988785947404665  0.47363912838072403  0.47744548446508839  0.48134568450020754
  0.48533207034051967  0.48936251407187431  0.49336281909946256  0.49733686851190456
  0.50129169348383851  0.50520642972507557  0.50919649504593201  0.51319935651373283
  0.51731024995762198  0.52116581694459485  0.52490258772146758  0.52866541743346929
  0.53247470947946685  0.53632597735316889  0.54027581934741664  0.54423156388847682
  0.54805275800437514  0.55184672639703614  0.55582106548341337  0.55988282571895842
  0.56395794566495572  0.56783161655690384  0.57135221021330751  0.57491236452266825
  0.57866731290505757  0.58218880075425006  0.58593636979561159  0.58989003021136954
  0.59407944297116055  0.59855175339776434  0.60308021238634546  0.60788555040938919
  0.61296285930041505  0.61794786796912049  0.62258164975345265  0.62766092120167993
  0.63349605271124843  0.64015392739922483  0.64744698082252394  0.65516755121872294
  0.66305784186403394  0.67120598796469577  0.67959450865541737  0.68891176698738976
  0.69896354292640384  0.70989119800101208  0.72163871570940663  0.73612040334638207
  0.75494928762158253  0.77995518464079061  0.82318070100911234  1.00000000000000000
   4.3229526445845650E-009  -1.0000000000000000     
 T F F F F F F F F F F F F F F F F F F F F F F F F F F F F F F F F F F F F F F F F F F F F F F F F F F F F F F F F F F F F F F F F F F F F F F F F F F F F F F F F F F F F F F F F F F F F F F F F F F F F F F F F F F F F F F F F F F F F F F F F F F F F F F F F F F F F F F F F F F F F F F F F F F F F F F F F F F F F F F F F F F F F F F F F F F F F F F F F F F F F F F F F F F F F F F F F F F F F F F F F F F F F F F F F F F F F F F F F F F F F F F F F F F F F F F F F F F F F F F F F F F F F F F F F F F F F F F F F F F F F F F F F F F F F F F F F F F F F F F F F F F F F F F F F F F F F F F F F F F F F F F F F F F F F F F F F F F F F F F F F F F F F F F F F F F F F F F F F F F F F F F F F F F F F F F F F F F F F F F F F F F F F F F F F F F F F F F F F F F F F F F F F F F F F F F F F F F F F F F F F F F F F F F F F F F F F F F F F F F F F F F F F F F F F F F F F F F F F F F F F F F F F F F F F F F F F F F F F F F F F F F F F F F F F F F F F F F F F F F F F F F F F F F F F F F F F F F F F F F F F F F F F F F F F F F F F F F F F F F F F F F F F F F F F F F F F F F F F F F F F F F F F F F F F F F F F F F F F F F F F F F F F F F F F F F F F F F F F F F F F F F F F F F F F F F F F F F F F F F F F F F F F F F F F F F F F F F F F F F F F F F F F F F F F F F F F F F F F F F F F F F F F F F F F F F F F F F F F F F F F F F F F F F F F F F F F F F F F F F F F F F F F F F F F F F F F F F F F F F F F F F F F F F F F F F F F F F F F F F F F F F F F F F F F F F F F F F F F F F F F F F F F F F F F F F F F F F F F F F F F F F F F F F F T F F F F F F F F F F F F F F F F F F F F F F F F F F F F F F F F F F F F F F F F F F F F F F F F F F F F F F F F F F F F F F F F F F F F F F F F F F F F F F F F F F F F F F F F F F F F F F F F F F F F F F F F F F F F F F F F F F F F F F F F F F F F F F F F F F F F F F F F F F F F F F F F F F F F F F F F F F F F F F F F F F F F F F F F F F F F F F F F F F F F F F F F F F F F F F F F F F F F F F F F F F F F F F F F F F F F F F F F F F F F F F F F F F F F F F F F F F F F F F F F F F F F F F F F F F F F F F F F F F F F F F F F F F F F F F F F F F F F F F F F F F F F F F F F F F F F F F F F F F F F F F F F F F F F F F F F F F F F F F F F F F F F F F F F F F F F F F F F F F F F F F F F F F F F F F F F F F F F F F F F F F F F F F F F F F F F F F F F F F F F F F F F F F F F F F F F F F F F F F F F F F F F F F F F F F F F F F F F F F F F F F F F F F F F F F F F F F F F F F F F F F F F F F F F F F F F F F F F F F F F F F F F F F F F F F F F F F F F F F F F F F F F F F F F F F F F F F F F F F F F F F F F F F F F F F F F F F F F F F F F F F F F F F F F F F F F F F F F F F F F F F F F F F F F F F F F F F F F F F F F F F F F F F F F F F F F F F F F F F F F F F F F F F F F F F F F F F F F F F F F F F F F F F F F F F F F F F F F F F F F F F F F F F F F F F F F F F F F F F F F F F F F F F F F F F F F F F F F F F F F F F F F F F F F F F F F F F F F F F F F F F F F F F F F F F F F F F F F F F F F F F F F F F F F F F F F F F F F F F F F F F F F F F F F F F F F F F F F F F F F F F F F F F F F F F F F F F F F F F F F F F F F F F F F F F F F F F F F F F F F F F F F F F F F F F F F F F F F F F F F F F F F F F F F F F F F F F F F F F F F F F F F F F F F F F F F F F F F F F F F F F F F F F F F F F F F F F F F F F F F F F F F F F F F F F F F F F F F F F F F F F F F F F F F F F F F F F F F F F F F F F F F F F F F F F F F F F F F F F F F F F F F F F F F F F F F F F F F F F F F F F F F F F F F F F F F F F F F F F F F F F F F F F F F F F F F F F F F F F F F F F F F F F F F F F F F F F F F F F F F F F F F F F F F F F F F F F F F F F F F F F F F F F F F F F F F F F F F F F F F F F F F F F F F F F F F F F F F F F F F F F F F F F F F F F F F F F F F F F F F F F F F F F F F F F F F F F F F F F F F F F F F F F F F F F F F F F F F F F F F F F F F F F F F F F F F F F F F F F F F F F F F F F F F F F F F F F F F F F F F F F F F F F F F F F F F F F F F F F F F F F F F F F F F F F F F F F F F F F F F F F F F F F F F F F F F F F F F F F F F F F F F F F F F F F F F F F F F F F F F F F F F F F F F F F F F F F F F F F F F F F F F F F F F F F F F F F F F F F F
  <DiscreteSampler_grid>
  grouped_processes
  1 # 1 for a reference and 2 for a running grid.
  10 # Attribute 'min_bin_probing_points' of the grid.
  1 # Attribute 'grid_mode' of the grid. 1=='default',2=='initialization'
  0.0000000000000000 # Attribute 'small_contrib_threshold' of the grid.
  0.5000000000000000 # Attribute 'damping_power' of the grid.
 # binID   n_entries weight   weight_sqr   abs_weight
    37   10   1.757718499723302E+014   2.390163455568535E+029   1.757718499723302E+014
    40   10   1.878586099277671E+013   2.730179262200935E+027   1.878586099277671E+013
    43   10   1.878586099277653E+013   2.730179262200891E+027   1.878586099277653E+013
    46   10   1.003882513882274E+012   7.796411147515709E+024   1.003882513882274E+012
    49   10   5.019412569410949E+011   1.949102786878552E+024   5.019412569410949E+011
    52   10   1.003882513882181E+012   7.796411147514087E+024   1.003882513882181E+012
    55   10   5.364567011679731E+010   2.226374935252213E+022   5.364567011679731E+010
    58   10   5.019412569410901E+011   1.949102786878523E+024   5.019412569410901E+011
    61   10   5.364567011679731E+010   2.226374935252218E+022   5.364567011679731E+010
    64   10   1.433363905877358E+009   1.589431745752652E+019   1.433363905877358E+009
  </DiscreteSampler_grid>
