  0.00000009963052839  0.00000033507777268  0.00000048951752804  0.00000062735994476
  0.00000075707309747  0.00000088529406583  0.00000103533582724  0.00000118174141511
  0.00000132487712949  0.00000146346869176  0.00000160165946599  0.00000174338977618
  0.00000189741295974  0.00000205353418100  0.00000220800529672  0.00000235782917474
  0.00000250903024557  0.00000265026386408  0.00000281227984889  0.00000297884361081
  0.00000314728558302  0.00000330155592590  0.00000344310289623  0.00000357705343843
  0.00000372105880352  0.00000387794903952  0.00000403078872018  0.00000417873673495
  0.00000432521047568  0.00000448032381890  0.00000463766116911  0.00000479242889268
  0.00000494231908255  0.00000509268558110  0.00000524677450297  0.00000539402790866
  0.00000554489101012  0.00000568306867908  0.00000581718590730  0.00000595704953745
  0.00000610401490493  0.00000625558790906  0.00000640376427092  0.00000655219839419
  0.00000670146383221  0.00000684794480065  0.00000699284924667  0.00000713469714039
  0.00000727145892867  0.00000740737482256  0.00000754594638574  0.00000768919831035
  0.00000783746573605  0.00000799338992245  0.00000814830868013  0.00000830632415774
  0.00000846194994935  0.00000860884042748  0.00000875513123420  0.00000890145107336
  0.00000903817648700  0.00000917166484627  0.00000931022692364  0.00000945359884286
  0.00000960292826532  0.00000975804550098  0.00000992751633792  0.00001010942651258
  0.00001029742445213  0.00001048046678501  0.00001065081920609  0.00001082442373560
  0.00001100511374941  0.00001120947793416  0.00001142905736238  0.00001165112349560
  0.00001189251184364  0.00001214197951325  0.00001238481297698  0.00001263206794164
  0.00001288317330206  0.00001313460819708  0.00001340012749293  0.00001367364182813
  0.00001395682763276  0.00001426313788406  0.00001457487853731  0.00001485712516615
  0.00001515069313062  0.00001543427122682  0.00001564103882529  0.00001594488312974
  0.00001649480685645  0.00001718382529339  0.00001787114321856  1.00000000000000000
  0.02523945855993607  0.02867463263834506  0.03351254282586686  0.03904992366174101
  0.04529518987432019  0.05207367004654882  0.05947372550537591  0.06726718459887424
  0.07538509791372401  0.08364684337541864  0.09177344612620196  0.09990976594207208
  0.10811206998210754  0.11659412680335507  0.12527789567120332  0.13418159612711056
  0.14320271756846878  0.15269631784212417  0.16158051176545565  0.17037511265758090
  0.17898163990328197  0.18869802164975286  0.19880737705211268  0.20862234177167871
  0.21850359316158624  0.22836014443066921  0.23819882960181821  0.24828986001953141
  0.25906637663982174  0.27035867470212593  0.28121999965914579  0.29111160709944367
  0.30041865458466843  0.30968099179964786  0.31907295032423943  0.32878395342181793
  0.33875451490066866  0.34867268883460306  0.35893148934213054  0.37004781338872805
  0.38191679547272522  0.39407203461114354  0.40585184370745842  0.41718364798193858
  0.42835311702874512  0.43938708301507767  0.45048887513913322  0.46156323733323129
  0.47218555171851961  0.48208906112200256  0.49122759343593114  0.50080705212836496
  0.51114517658793412  0.52158259205361057  0.53171544013134331  0.54148255442899540
  0.55129522841046408  0.56158640640763180  0.57252798406193550  0.58422524113749852
  0.59651164757600783  0.60650290813264962  0.61676534901202562  0.62656757637764915
  0.63445969374304001  0.64417531218411928  0.65427881158496826  0.66471778391405845
  0.67448805348457153  0.68382922768443977  0.69417995605288130  0.70538189092887627
  0.71591913407163932  0.72574897560038587  0.73566124964329427  0.74629483785787853
  0.75804420217601420  0.76974232901166051  0.78058145559093095  0.79062271648806293
  0.80065796765802322  0.81081902135648409  0.82138603648090458  0.83228940283880715
  0.84442655132776434  0.85790959249223120  0.87200226745887799  0.88547644982738960
  0.89753631965570968  0.90881492797294938  0.91937873725087094  0.93130502725747122
  0.94445891397157200  0.96045706742760961  0.97229942476983244  1.00000000000000000
  0.00885589759092821  0.01771834881779770  0.02843686513788382  0.03995401292415136
  0.05161701731995014  0.06301289622836564  0.07365303725208566  0.08416675161366995
  0.09401322159562209  0.10462355531366153  0.11630013132173474  0.12750553408940216
  0.13793389358090208  0.14850399450285973  0.15932312777991670  0.16980781336711701
  0.17907403636527114  0.18804722287772144  0.19711575668543760  0.20621090558205185
  0.21503619679103192  0.22406072404098154  0.23468557526967745  0.24714149295111937
  0.25927099819617394  0.27046497064224878  0.28113733638281219  0.29167244502052742
  0.30184513257214041  0.31118927348569714  0.32079467022381636  0.33080269703498294
  0.34165238714563917  0.35209687804563250  0.36227010906889495  0.37259412269468145
  0.38319877257042972  0.39454337946259477  0.40568656911301343  0.41595465782676039
  0.42601151743379206  0.43609889594756834  0.44633237048171404  0.45601216568941505
  0.46525356081382907  0.47469551201370697  0.48465376284794470  0.49478119599016557
  0.50523552755066536  0.51621681366107974  0.52742231994548949  0.53827901890972474
  0.54865632686118671  0.55903082794377901  0.56978979246380046  0.58096975822630958
  0.59166442741652114  0.60181903918261315  0.61174058060335879  0.62174505070249009
  0.63145637964232659  0.64117878947841989  0.65153668250172359  0.66238671764367540
  0.67323708353401046  0.68362324558059706  0.69355060189101569  0.70327008918014122
  0.71313868754383092  0.72356538299946538  0.73391866183075838  0.74393146595535309
  0.75404240985341353  0.76435060260453780  0.77511173386680232  0.78610323266841320
  0.79759332944169870  0.80991081460182091  0.82122613895554553  0.83253778745306251
  0.84269240077761798  0.85112366419317520  0.86000563020605336  0.86976710793087109
  0.88070086727981156  0.89229401750841530  0.90380085555089607  0.91495590810588467
  0.92739204899035432  0.93891936012556954  0.95056640103315992  0.96129700690472442
  0.97209288010407302  0.98225344489089350  0.99126164443386355  1.00000000000000000
  0.02474408663441473  0.03058976532953711  0.03575401051925454  0.04127615872568743
  0.04698454644626453  0.05309494363233635  0.05962131963117695  0.06688832072466837
  0.07500547627159644  0.08318728961327981  0.09131758216972739  0.09961123663736955
  0.10777554047786168  0.11627654353653540  0.12543146400465591  0.13512775588586373
  0.14454314449110281  0.15269606397543661  0.16054804662979860  0.16825931293427254
  0.17655510158936485  0.18510667226856897  0.19429617369355318  0.20383741539779190
  0.21313746543843792  0.22207501660686071  0.23094792743130221  0.23971490447512250
  0.24808397819276340  0.25658212903104533  0.26598772844312168  0.27622997488558687
  0.28679629213569868  0.29698710505586273  0.30669409770190287  0.31634407217314769
  0.32620643116373760  0.33645745296602003  0.34652583334134679  0.35687432843662703
  0.36794397429582198  0.37895347580445032  0.38965669917129692  0.40068145575002589
  0.41189778368503283  0.42312578973981113  0.43403562231751014  0.44470381845487494
  0.45516524373983414  0.46536732375539125  0.47526875380388678  0.48504116348915299
  0.49528741115044289  0.50589977380219786  0.51709153240656380  0.52842866768290619
  0.53917394227402837  0.54957828039932910  0.55999551719791585  0.57096411039969042
  0.58262451680301230  0.59472006887364148  0.60659027183586189  0.61812779999231660
  0.62928932160215478  0.64008471449618098  0.65058426687713422  0.66100088047517402
  0.67167603232903927  0.68259781951533960  0.69395328926135857  0.70477853220261077
  0.71448770460372368  0.72390266051935925  0.73390844154577251  0.74482735496424723
  0.75668807371117552  0.76802909997337643  0.77924894984084869  0.78998814581031551
  0.80121506981759172  0.81267937719157290  0.82417026235046431  0.83640719476391345
  0.84933681133400019  0.86245916072032591  0.87476258493452774  0.88582868523570957
  0.89646639891443203  0.90739057273611690  0.91880887347647788  0.93058504124112718
  0.94411720066046168  0.96056517555900767  0.97197197445657524  1.00000000000000000
 -0.00000000609689788  0.00000005573910071  0.00000014958357853  0.00000025853075649
  0.00000037538775656  0.00000050030250207  0.00000063421856288  0.00000077708970788
  0.00000092305629973  0.00000106434161029  0.00000120418137125  0.00000134707211708
  0.00000148900402078  0.00000163777977239  0.00000179388722075  0.00000195965516355
  0.00000212745582315  0.00000229232263112  0.00000245560038832  0.00000261916596119
  0.00000278103192086  0.00000294199957383  0.00000310490081644  0.00000326991207244
  0.00000343548172347  0.00000360107280078  0.00000376828657532  0.00000393614989361
  0.00000410108451129  0.00000426424624601  0.00000443088981185  0.00000460655924043
  0.00000477778611418  0.00000493309309644  0.00000509588309385  0.00000525141465762
  0.00000540376025830  0.00000555420450182  0.00000571086109566  0.00000587274530353
  0.00000603197632209  0.00000618604236301  0.00000633962324666  0.00000649166157719
  0.00000664320632160  0.00000679879307527  0.00000694386885456  0.00000709073529678
  0.00000724010819087  0.00000739249241611  0.00000754865945765  0.00000771332148717
  0.00000789122193372  0.00000807852687917  0.00000825734002710  0.00000843206021313
  0.00000860481555164  0.00000877330563776  0.00000893809064260  0.00000910277325987
  0.00000927253939558  0.00000945147133492  0.00000963790096620  0.00000982579801796
  0.00001000691065116  0.00001018202235101  0.00001034563693005  0.00001052454813943
  0.00001070547885942  0.00001089370623550  0.00001108946424420  0.00001129242517613
  0.00001150322306486  0.00001172266399729  0.00001195454700741  0.00001220419548857
  0.00001247334311343  0.00001274490787041  0.00001298218683939  0.00001319357531768
  0.00001341205531655  0.00001364280692523  0.00001386331248306  0.00001406733486585
  0.00001428931296222  0.00001453819184840  0.00001478563032123  0.00001504784910830
  0.00001529577033229  0.00001551426962358  0.00001574021993090  0.00001593492946273
  0.00001613089563097  0.00001626724720575  0.00001637632758231  1.00000000000000000
  0.00946875741990152  0.01689115549199229  0.02715733999271408  0.03745623751803379
  0.04767481641966059  0.05856418002928591  0.06998381266627385  0.08169307744847797
  0.09392964689253963  0.10541067132578055  0.11639593204589177  0.12718496526632073
  0.13793155054548434  0.14873155612102093  0.15989397127642688  0.17169386666685957
  0.18391876231505128  0.19633754621787153  0.20854909114950793  0.22019503863520515
  0.23111174739681825  0.24178302770118687  0.25211627415836479  0.26153197904553555
  0.27075376992191774  0.27979041045632735  0.28838010661179275  0.29687798262032561
  0.30577038527293560  0.31506687479576390  0.32651743323791221  0.33800334897256645
  0.34915763561010338  0.36090241927969752  0.37250758194399669  0.38302468829019087
  0.39273633713060213  0.40241283038762549  0.41261192128747348  0.42331551772871906
  0.43398692287613005  0.44483724451622941  0.45566241194542095  0.46658141747059345
  0.47719560630496072  0.48682178750875338  0.49604675777144586  0.50565948417652595
  0.51589439368697521  0.52674190453932102  0.53789581337747228  0.54929787465578195
  0.56110523825869141  0.57309492779316995  0.58510773245014713  0.59674144602471146
  0.60802226874518028  0.61896168548995201  0.62957029968621270  0.64035697420109861
  0.65123130526440187  0.66252651077035984  0.67268502772763139  0.68221749588565794
  0.69185932779669224  0.70190947981943941  0.71200520488693175  0.72218656422691663
  0.73279560410210087  0.74375980000779363  0.75418416035519242  0.76388289668129017
  0.77350692756781958  0.78283168429713268  0.79133753406802265  0.79952572119174625
  0.80728837511695417  0.81661117076075274  0.82691814968508848  0.83712003322785200
  0.84700146594598169  0.85754253189262131  0.86878951034973761  0.87990745844408103
  0.89065951651838204  0.90097002349174660  0.91118858667973202  0.92143643199569014
  0.93205278191936602  0.94222960428111091  0.95235075848533590  0.96238310113043302
  0.97259440919379991  0.98199219197016219  0.99140615115986819  1.00000000000000000
 -0.00253723249637156  0.00939512769381503  0.02046195763404685  0.03084273852684235
  0.04141865290979158  0.05213049618835355  0.06376860387221024  0.07555568850357464
  0.08653632748523357  0.09731921024990291  0.10852417168979375  0.12042247342295306
  0.13131851114863236  0.14090505016503949  0.14926554831395136  0.15792533859014768
  0.16712252843287084  0.17663448670165360  0.18673830092667479  0.19766980481114935
  0.20872327494320680  0.21963111165896781  0.23028805539249514  0.24048377034857962
  0.25068148710519966  0.26073131930942839  0.27076100148921350  0.28108608175019190
  0.29184650162374098  0.30343471774120201  0.31506600867248613  0.32642817474032715
  0.33767658268113582  0.34858459546212955  0.35861068589971701  0.36852816737999478
  0.37923364096124523  0.39046632748795718  0.40069515319038485  0.41027391467669100
  0.41987963116053501  0.42961470684908726  0.43934455293080749  0.44953730353941396
  0.46017143583082820  0.47115618372176177  0.48227789828528522  0.49286972566924242
  0.50273396316646224  0.51242006849334698  0.52223091443797220  0.53241062470674339
  0.54316997350959551  0.55432179084280220  0.56551147446980488  0.57647673757380824
  0.58720115225451885  0.59783999558361689  0.60845938426438451  0.61928586691343446
  0.62970270129315720  0.63944114105838468  0.64899873395045760  0.65911864504964368
  0.66938122053573867  0.68017166776775628  0.69139957405350594  0.70310172530861348
  0.71484471122310433  0.72686065900896213  0.73987717695785105  0.75342296340831338
  0.76630586913438503  0.77797205979290063  0.78893680256471044  0.79997607360632572
  0.81118895592304063  0.82243818701475324  0.83333980471906655  0.84287605873871752
  0.85175446785691278  0.86066116579214280  0.86949644127893511  0.87819756188454168
  0.88649251782513627  0.89540943600913991  0.90564167213559366  0.91610326832071609
  0.92650140829492866  0.93736277814048230  0.94815990291117724  0.95882566464570662
  0.96922387614078676  0.97948351317010385  0.98956306449834042  1.00000000000000000
 -0.00200187913111365  0.00842816234472388  0.01781479890591568  0.02801858947613009
  0.03819810962195867  0.04871471938126709  0.05948992244930050  0.06995107566304683
  0.08040171921607026  0.09116857239954808  0.10192678236609998  0.11291695275318125
  0.12458803814433919  0.13659459719470113  0.14903983658747588  0.16098306561175796
  0.17189820880370724  0.18217340553708355  0.19204960507214083  0.20149394978030749
  0.21068608318390458  0.22052155372347579  0.23114445353288746  0.24297412097736246
  0.25459672715192566  0.26523259731171073  0.27576949271311635  0.28631547360409160
  0.29762414943149113  0.30916962642662865  0.31982782522223641  0.32973047582065901
  0.33932517974980619  0.34917358631195250  0.35874789037339166  0.36766997070054208
  0.37650561803485888  0.38631494576968722  0.39755810650426399  0.40872868467769424
  0.42076752830812425  0.43305688754921468  0.44334491460114273  0.45293659949611781
  0.46359766528462165  0.47401308802192721  0.48414158938340429  0.49386994137207302
  0.50415452873471656  0.51576699228383438  0.52714035899262990  0.53827584044367682
  0.54879764053429692  0.55898574111841626  0.56900202777807618  0.57945287917116206
  0.59004857012919976  0.60060281932901982  0.61094824984908036  0.62114882158855367
  0.63105129528926041  0.64114604953018539  0.65152565314337907  0.66196999191084294
  0.67345698419477951  0.68519229145791594  0.69654499524364044  0.70767782824779468
  0.71837749493448955  0.72947579465426027  0.74048509534673479  0.75113286919646272
  0.76179181501172111  0.77270966704380595  0.78330838095165090  0.79388656303689986
  0.80397753056591148  0.81462746154811749  0.82592691226927362  0.83664189949951029
  0.84688243433140498  0.85651372180883290  0.86647387879418436  0.87596466918460447
  0.88508911810359903  0.89436495560325158  0.90377076193609174  0.91409440803418973
  0.92447530950878676  0.93533054298843632  0.94527140112607844  0.95583184399395171
  0.96511033839038374  0.97568159407788446  0.98640860510849548  1.00000000000000000
 -0.00269448885592502  0.01000909097544762  0.01973132274445225  0.03027343678442144
  0.04009416984473748  0.05060528008214334  0.06036856480099444  0.07116219098624273
  0.08279076174128576  0.09477910804103140  0.10599222994871547  0.11623058292985371
  0.12591666281583172  0.13547548573806867  0.14523566303908436  0.15524544112233565
  0.16563866689495998  0.17717933566288835  0.18877755090689557  0.20041695477607210
  0.21123058622055763  0.22090671376358781  0.23087369557827761  0.24078765185667850
  0.25120804777104694  0.26258422699534939  0.27421197704033817  0.28573673920644455
  0.29695658442537243  0.30737605783770594  0.31702914875232308  0.32689342971809271
  0.33754753848970326  0.34880444142223976  0.36077272488151069  0.37261941097546858
  0.38350016686008365  0.39325107536271420  0.40271656666864458  0.41252184730769276
  0.42275721887072082  0.43304569236412493  0.44342216788030797  0.45414777564209641
  0.46485974018356957  0.47518952662233355  0.48604776324937782  0.49703812828481009
  0.50835581336486191  0.51929910983134242  0.53026761333797368  0.54157600527425653
  0.55303664078018300  0.56442351136319346  0.57571022111194525  0.58702148947874289
  0.59814187980618394  0.60910916906088586  0.61965315364187190  0.62990451488347421
  0.64028521807734373  0.65123408613266809  0.66278771518846813  0.67328189467188915
  0.68270447983636429  0.69188691236640598  0.70087989437417919  0.71002002535659303
  0.71888747975652423  0.72778669642759597  0.73704770001335296  0.74729237892353517
  0.75873221952302461  0.77100461246712759  0.78226701088364070  0.79325128859053284
  0.80367258685433429  0.81408463283827404  0.82411531244113123  0.83412628425203295
  0.84419506638876052  0.85501683227035508  0.86674337130421186  0.87810007115266853
  0.88850567701521344  0.89875516597037097  0.90855225693167985  0.91893177200448706
  0.92982193650687472  0.94074100647471692  0.95060469244035684  0.95980191861429898
  0.96901016622803904  0.97841327849101556  0.98860698999194208  1.00000000000000000
 -0.00199023911367398  0.00842117375437604  0.01714730029696162  0.02601245532750780
  0.03568012570389054  0.04637666344715290  0.05773820369771572  0.06900949888047016
  0.08037451462122655  0.09171329028101853  0.10246806809778877  0.11416034491581810
  0.12640521763238186  0.13847316135254883  0.15025722701439337  0.16135264679897487
  0.17237515599495548  0.18313693785895171  0.19336746641295058  0.20377757996155324
  0.21404835705483907  0.22438369607812797  0.23504254624320545  0.24568474517827343
  0.25649956179194072  0.26743325976458038  0.27807205619084474  0.28834518533043874
  0.29881015070123246  0.30981908803096742  0.32106874994931556  0.33218401999805025
  0.34273087412114456  0.35248076590774002  0.36191912627336770  0.37144952591950947
  0.38140585671595489  0.39152459862165667  0.40189370599877089  0.41256001626951483
  0.42350105738731264  0.43475825266883888  0.44621776329318746  0.45772747488841603
  0.46840749146734961  0.47810895729752867  0.48724834370146897  0.49692012342122788
  0.50739894854704815  0.51771140644800073  0.52774192432102884  0.53804748941852232
  0.54878933027459076  0.55965143458396505  0.57012016796686593  0.57998123465731810
  0.58968352297508031  0.59994913364976921  0.61075546503426315  0.62134504837420756
  0.63163866414306913  0.64187088575016327  0.65203070833086829  0.66166790674612053
  0.67113456919363490  0.68087754664371103  0.69168042950619457  0.70212620577045459
  0.71248894383996808  0.72370655086658930  0.73633338957128758  0.74853515320924435
  0.75936803948852927  0.76996322296691866  0.78192890613505595  0.79385676572232411
  0.80491883491666016  0.81556460489875870  0.82578782764425551  0.83634395019818708
  0.84777738907590783  0.85912405169375117  0.86998463213443766  0.88060445814689314
  0.89118913191151528  0.90151629547500001  0.91197312412108722  0.92282205411544627
  0.93376134841157665  0.94383662288959402  0.95350612995371864  0.96357071535198668
  0.97308392455210380  0.98217482368814923  0.99089097824455186  1.00000000000000000
 -0.00197874656284629  0.00791289003582979  0.01789082577830777  0.02731793172481904
  0.03887120084801304  0.04943273404780411  0.05932408752807345  0.06879771644440902
  0.07812291397826271  0.08826355247262914  0.09891206778462468  0.10977561793870981
  0.12052983981366204  0.13079501212030464  0.14101371928017159  0.15130151511580037
  0.16150998445629147  0.17130855468985251  0.18090853009362337  0.19035286224992712
  0.19944517118993396  0.20863714385756105  0.21847259395167337  0.22886935739616396
  0.23926197894720727  0.24954961677187307  0.26014504641773262  0.27088353717576352
  0.28120170300518865  0.29098145548342641  0.30052324424703669  0.31033416356705762
  0.32036897864264269  0.33057392672786268  0.34165274686487179  0.35347802291365132
  0.36511718362451195  0.37653977643063941  0.38845986153303996  0.40054709044078846
  0.41269458857353564  0.42353587065702897  0.43333784040055429  0.44325990071026072
  0.45388528333352701  0.46466499784658299  0.47464877927815136  0.48435225680145227
  0.49460787853058352  0.50508917489399097  0.51590631292715838  0.52674389320871884
  0.53819359865545824  0.54955777454375432  0.56034813435922981  0.57016309277091082
  0.57956007804038367  0.58903965815299997  0.59911197803951666  0.60908191211876272
  0.62187246975339394  0.63371050693872166  0.64526664430154068  0.65726810622249510
  0.66995639499145598  0.68343189177604224  0.69679523827336198  0.70923660709698921
  0.72077590140162573  0.73170370402653262  0.74196557598530022  0.75183359148766260
  0.76180804969995664  0.77203551564446860  0.78240105260340742  0.79332390915019513
  0.80471448158734815  0.81576481641466758  0.82622292458811109  0.83635272148900752
  0.84643808141538723  0.85783662418265294  0.87016731132245140  0.88170943093736909
  0.89268015449346327  0.90399218961394379  0.91559909822407959  0.92690027519668683
  0.93751738265931539  0.94742996258600531  0.95684937748201271  0.96570084629283492
  0.97420102481805115  0.98317271167327092  0.99179686621967833  1.00000000000000000
 -0.00198469499509868  0.00802736267732558  0.01780370251415242  0.02724603664158909
  0.03654474719662419  0.04642949439259204  0.05730473779259899  0.06774712083336734
  0.07735126948511237  0.08693599800933592  0.09713557350327623  0.10830430196488819
  0.12001585320799096  0.13174066365136564  0.14277941947271280  0.15300643749054718
  0.16303416856633762  0.17269790826942319  0.18289390506081457  0.19384801510835936
  0.20487661620194031  0.21600096197535074  0.22710717176282927  0.23817233581628650
  0.24949460490832942  0.26107666387269624  0.27234979898103473  0.28440287871091896
  0.29574158217167779  0.30641265882225338  0.31677470943567304  0.32690698618844150
  0.33747982397011428  0.34857722559719267  0.35886916438522148  0.36777588364697539
  0.37747324902895579  0.38732060559649023  0.39727219142029258  0.40684968355464585
  0.41643286893987208  0.42624762159358615  0.43577885549448742  0.44514739300804101
  0.45467788024095218  0.46489316796621738  0.47581396984765112  0.48718067005015964
  0.49854670237684873  0.50958843378045948  0.52056139644717081  0.53159319044543885
  0.54260262593858488  0.55347643834072124  0.56476152781003608  0.57686709673769176
  0.58903271646488409  0.60021889398377115  0.61061168200416049  0.62113751276468065
  0.63201491463237991  0.64307979076960819  0.65410813323508421  0.66536389280826391
  0.67669127778145466  0.68761160968602308  0.69768538875349639  0.70767943733671101
  0.71765914723328639  0.72824506576289250  0.73883432330736321  0.74939218835746679
  0.75924944597658661  0.76999829910700213  0.78182853186928991  0.79385472470120177
  0.80546767620943571  0.81532611493218143  0.82471198964618719  0.83434316197023761
  0.84503917877537427  0.85604656532424894  0.86724837999482318  0.87877490011562664
  0.88946616074830287  0.89953669454938290  0.90948930127174810  0.91978255630968708
  0.93048886337906411  0.94110446412889914  0.95176169322549720  0.96136408522120109
  0.97091249684601755  0.98011607632363396  0.99018964607279303  1.00000000000000000
 -0.00236402895447183  0.00888350885138277  0.01907065100455973  0.02905928218417008
  0.03944772459885334  0.05044004095735927  0.06200055044127016  0.07184314964378247
  0.08149810690652048  0.09084221794589914  0.09994271097053697  0.10908912138151493
  0.11794368874375842  0.12706601011550733  0.13724164357092511  0.14752097203024350
  0.15733061871695331  0.16722072292504409  0.17736352500275340  0.18757513224346833
  0.19755738976069115  0.20728748660592655  0.21730184428276125  0.22768663167846964
  0.23818013181219186  0.24922109892003544  0.26050878253819121  0.27147138425327244
  0.28121073329672364  0.29081479993679282  0.30133264117417691  0.31246270528510112
  0.32269709966154364  0.33218342363162484  0.34171221184290013  0.35171453025555427
  0.36196276371239711  0.37236466210435659  0.38316572091426238  0.39401496474498093
  0.40498589494246612  0.41679037527182417  0.42907607911552215  0.44086495583562602
  0.45177139329756039  0.46209344882090325  0.47203591114668852  0.48189955097577736
  0.49232214865838997  0.50300964434557527  0.51387773277709137  0.52485025809582520
  0.53494134795211445  0.54434778928784222  0.55347885936168406  0.56324220270658154
  0.57443063848288611  0.58674122270026730  0.59906720516079981  0.61087372006719487
  0.62212527204777412  0.63287843526927157  0.64337236970838552  0.65391768115085158
  0.66499209170525342  0.67649333157704861  0.68810151656925778  0.69943699732435283
  0.71048501092716532  0.72130942306757762  0.73214866010338508  0.74345271640163135
  0.75522874996299416  0.76662585819162887  0.77764300084398164  0.78896062647927634
  0.80055810554551843  0.81200644868915917  0.82279151747487067  0.83308676920669589
  0.84319518742127131  0.85362814000641829  0.86471640511052583  0.87532269911612481
  0.88532055555962574  0.89494401307101823  0.90462385263913614  0.91441562573090529
  0.92460367629954032  0.93521351085555948  0.94583036235285856  0.95632894273796443
  0.96660513281962868  0.97748411949279912  0.98845903425619586  1.00000000000000000
 -0.00194334140009754  0.00820050911833634  0.01811077752899127  0.02831377971249665
  0.03929025497827927  0.04990834269857173  0.06081313157778528  0.07173406018625895
  0.08261994029843492  0.09402878673942364  0.10587522756414033  0.11803957258482041
  0.12988970033446562  0.14144731311261596  0.15292179170713779  0.16459245169505371
  0.17646362746197963  0.18775351562101741  0.19798721705829603  0.20793557426099077
  0.21805902589416118  0.22819404443557617  0.23869435078828763  0.24954143653114935
  0.25988006330911595  0.26916260850054458  0.27793289244222824  0.28725659264129205
  0.29692252543934561  0.30727950595489262  0.31774580509088507  0.32835228761325835
  0.33962488954080583  0.35079860005574537  0.36022757591335475  0.36897391342962504
  0.37871021469189636  0.38819235379627232  0.39776284900409192  0.40755676081092063
  0.41726009201536091  0.42731038589936149  0.43777312917058009  0.44814413801183839
  0.45853840568511806  0.46937085006151591  0.48044215285203673  0.49140990969467657
  0.50234694974426941  0.51331948668203964  0.52448357391179623  0.53622770611847748
  0.54795394417858012  0.55924976557818129  0.57034170851565591  0.58113666031390832
  0.59209359155916730  0.60332800213318671  0.61538798553615359  0.62862435385503213
  0.63960821782196631  0.65067233786627177  0.66105552919877986  0.67154973284491126
  0.68328040271043211  0.69443325796859889  0.70506811001450087  0.71613327666652082
  0.72707422060455473  0.73741378855231654  0.74729538726322886  0.75755074030127834
  0.76818073805322706  0.77874803272435278  0.78918855410747268  0.79988396283358298
  0.81067097921943099  0.82154485962951607  0.83177259466854669  0.84116281511857582
  0.85107274758004969  0.86054236625166325  0.87131472144988287  0.88140112455348718
  0.89097722880668362  0.89973150106824851  0.90829583075129194  0.91688670611654088
  0.92712997419004561  0.93739802991654975  0.94763680934455663  0.95759841421711211
  0.96773969091507550  0.97814564706500506  0.98880373777036001  1.00000000000000000
 -0.00258421763318177  0.00982670294914799  0.02115009912001570  0.03259071369163114
  0.04388643785479145  0.05495565533064433  0.06628134607057626  0.07770589658880134
  0.08845559290126066  0.09793318966119555  0.10681297095538717  0.11595363648090398
  0.12583319395503881  0.13647021460284489  0.14707972903937294  0.15784504407893335
  0.16863602590188170  0.17907514980167991  0.18900679311211416  0.19865687016039080
  0.20816892753205141  0.21812883037873640  0.22877573969856757  0.24021029067680438
  0.25240425591716120  0.26499613645603232  0.27629532922216660  0.28608229793831652
  0.29534603022842704  0.30449201114902563  0.31343293914806503  0.32216674603360856
  0.33163581743033860  0.34160566052946312  0.35174941630899192  0.36189160261422532
  0.37214438139747874  0.38515667926641906  0.39804261812818381  0.41036259452924218
  0.42199585510942100  0.43321713981296206  0.44403850444379955  0.45516774960633388
  0.46672331504778591  0.47878216852232491  0.49027954094203635  0.50114887457847301
  0.51184512418596584  0.52219086485118804  0.53197228049860779  0.54177690305398052
  0.55240854017386476  0.56393399777891540  0.57584343632590596  0.58756122150994161
  0.59871416765687990  0.60924125840656973  0.61938867736633307  0.62955006809031089
  0.64000077680203193  0.65045587571659780  0.66034806587842865  0.67031311344244326
  0.68088122454968969  0.69176488030695382  0.70285083782807600  0.71373473934575837
  0.72438820885307997  0.73506032464739157  0.74591615472020723  0.75696657508672327
  0.76838584749848915  0.77982108992643118  0.79075533952387533  0.80120282914157070
  0.81116440533222944  0.82123305737755847  0.83166872692250238  0.84237600013526970
  0.85272501852955929  0.86284454281826806  0.87279901075913868  0.88302541269693013
  0.89360428374087786  0.90329250805567329  0.91216653410642290  0.92120572039313131
  0.93049089784015138  0.93993085387572295  0.95033699630830459  0.96069279424876830
  0.97007717040532326  0.97954150386429140  0.98856001882913680  1.00000000000000000
 -0.00276365716840700  0.01010059258830973  0.02113543054314055  0.03148499327096908
  0.04129888190279018  0.05089762814431306  0.06060660072243034  0.06989148490870407
  0.07985820012425485  0.09054447858364981  0.10205624486893446  0.11305287572328793
  0.12372327559654969  0.13438192857133668  0.14526885427808747  0.15587464877561957
  0.16671509048138280  0.17791016024700013  0.18910693209311380  0.19998059936112070
  0.21098785484014890  0.22292265973707090  0.23486839182886296  0.24719415974991324
  0.25858372581791461  0.26922226921821696  0.27967295501690648  0.28993380407507457
  0.29955034489159915  0.30913747282633752  0.32008136647940522  0.33161264442889948
  0.34306370349541365  0.35392156296511834  0.36465680376899356  0.37510922989947654
  0.38570229384174715  0.39654582559766388  0.40704088257221877  0.41766773578546135
  0.42825853345948922  0.43868633608080693  0.44921175237485167  0.45984983393646239
  0.47094260833481827  0.48252609203922220  0.49414915121462399  0.50561816196198628
  0.51665595725986357  0.52738704334669528  0.53781536092712845  0.54714354899480222
  0.55606616012866961  0.56512526992898215  0.57441294273725629  0.58354730177705172
  0.59232813329190193  0.60170038406831139  0.61292120641758274  0.62408400131345776
  0.63419143777793474  0.64414310720807333  0.65450597355854823  0.66537577530932435
  0.67629938621840713  0.68653148234082462  0.69556688066259664  0.70438055714733916
  0.71351559922258156  0.72422312786950427  0.73641507240931869  0.74795906407992419
  0.75751546927634539  0.76672815216578372  0.77673210288889072  0.78748000983751032
  0.79860369650187324  0.80915446703585503  0.82003858157879850  0.83146304991553877
  0.84300429123798148  0.85441538307041143  0.86598354446613157  0.87713954216146295
  0.88762185546734240  0.89743685105103743  0.90776631770960969  0.91850500198846974
  0.92878704081514807  0.93890070999453934  0.94847434385752016  0.95894873741094622
  0.96992756998008456  0.98046247935503272  0.99042307543316455  1.00000000000000000
 -0.00216572342337789  0.00842962878124976  0.01896669264787707  0.02913963431663431
  0.04002777937492444  0.05172131015728139  0.06346287931834155  0.07528045964201593
  0.08648236327455446  0.09675155596288194  0.10702208539079379  0.11787430902259659
  0.12942242819325722  0.14049293028453788  0.15112306794243779  0.16139122611444870
  0.17128831386502963  0.18147601759692192  0.19212085492076539  0.20306441202042974
  0.21382290809820495  0.22430282751582159  0.23430372283987694  0.24381985719498803
  0.25295131808349425  0.26200327744174234  0.27074719831456612  0.28029833505614238
  0.29066624833075294  0.30090437860646813  0.31062371718086845  0.32013444395137403
  0.33002851331011795  0.34054549875326129  0.35126119710689585  0.36129219330473167
  0.37090111314312735  0.38083501095418887  0.39115779778781840  0.40168630279938006
  0.41186632691964026  0.42159125552173354  0.43099174275777746  0.44067051682500186
  0.45065534028384452  0.46131242429283625  0.47254716087916748  0.48374039235877997
  0.49488858236578781  0.50646760542194058  0.51867209279724502  0.53094413482327329
  0.54279140436314399  0.55375300234577940  0.56414576216859669  0.57429091606301585
  0.58435172711323125  0.59416964011720597  0.60428844801768244  0.61484413838952667
  0.62495133854057483  0.63418137802611774  0.64364835478863736  0.65427951790007122
  0.66588223102614774  0.67758941830882558  0.68944543434889072  0.70136115300585611
  0.71335596076591234  0.72521398192494113  0.73639981137823540  0.74636949570779865
  0.75534406377249685  0.76408916251408454  0.77371617372514034  0.78388312196171106
  0.79413131621244981  0.80412076744792915  0.81424941515611216  0.82519945994059718
  0.83683992564138443  0.84935726798748135  0.86268701132084424  0.87596352573623049
  0.88844684887260039  0.89924257104569860  0.90963213021171296  0.91933479125757211
  0.92885874572662863  0.93879910041934955  0.94920296260526860  0.95946363861933037
  0.96929611331299603  0.97880723269247016  0.98915448574336662  1.00000000000000000
 -0.00362332635739365  0.01169797091595449  0.02555441671741391  0.03823820274716366
  0.04950238286501742  0.05977408394905914  0.07006185140123992  0.08147759178052437
  0.09340256522000027  0.10476625197231118  0.11545562785159358  0.12645125416078279
  0.13753033160894071  0.14834864367900619  0.15875355332648705  0.16889011997825401
  0.17920829259418233  0.18961618950834042  0.19985610728636638  0.20933525421254706
  0.21792234443128264  0.22618373006503356  0.23498621577570050  0.24339668500707326
  0.25231037397638978  0.26138073076296320  0.27073559554157989  0.28057830174198667
  0.29107186558400699  0.30273402444644604  0.31449871128735185  0.32554469253238089
  0.33550696229247828  0.34495663382138209  0.35433632943409188  0.36443685444108331
  0.37471411284873873  0.38443235646602009  0.39385830953222201  0.40330598378461868
  0.41326848802590838  0.42355230004007566  0.43348438849171023  0.44321413434824186
  0.45341024970562749  0.46472255139872987  0.47657261411916041  0.48819871074937854
  0.49978822756527513  0.51175193552276288  0.52363674704272856  0.53509823963742031
  0.54604610735428438  0.55700117876065347  0.56861613751608475  0.57992105616845624
  0.59093661037938894  0.60113704151360414  0.61144221166565016  0.62217619895954757
  0.63327653437863041  0.64437705386482902  0.65557709081868443  0.66664343123253134
  0.67743758347719496  0.68787849714633964  0.69810839989046802  0.70824211943155690
  0.71868335828154650  0.72946785922999635  0.74014784767772468  0.75072357474233187
  0.76136197366315239  0.77184338553696075  0.78183784657517585  0.79102068160579975
  0.79953694515732476  0.80808898516444050  0.81754072264957900  0.82777867856840037
  0.83826562333107202  0.84825253296490599  0.85809790635817695  0.86867618355192999
  0.87953603643735834  0.89062365464311433  0.90189107771573207  0.91411513157042179
  0.92503061348727755  0.93648430463086896  0.94759170133524717  0.95861797684021854
  0.96937997630527439  0.97980296635377739  0.98972938379770736  1.00000000000000000
 -0.00145196765585542  0.00665407536797370  0.01564380831036543  0.02540430511674897
  0.03691393635375183  0.04727418123544858  0.05734173051611486  0.06691304973254839
  0.07667687120576056  0.08716808243130805  0.09786359514781300  0.10917847893814324
  0.12046628439998298  0.13117868517407019  0.14228899968977252  0.15372359922781034
  0.16448687317617020  0.17519144513466603  0.18560818248139591  0.19627552750538116
  0.20742683345846666  0.21817680634560319  0.22858149513160816  0.23930339403150416
  0.24928907111868925  0.25921645016061279  0.26935518274243991  0.27988051941656966
  0.29096361760545475  0.30176591526559149  0.31224721054373084  0.32326347339172845
  0.33535844402991161  0.34805027908836755  0.35995183530225350  0.37084653454774813
  0.38164107950506582  0.39231665184144782  0.40260058011006261  0.41274820741102924
  0.42364671030188211  0.43560612578064845  0.44688839396784863  0.45776060423694642
  0.46893091918688651  0.48013857071173965  0.49066156572874481  0.50076709741502112
  0.51156240984103385  0.52304646154347612  0.53440463994322107  0.54535052307129872
  0.55643265887239168  0.56804610012854828  0.57942980920145981  0.58942086304918739
  0.59828728699665534  0.60722701523061695  0.61666968891268303  0.62597255326277657
  0.63418667494879577  0.64199229440064998  0.65074827252811140  0.66063502464724821
  0.67062220204362177  0.68037725861627119  0.68982671869387668  0.69980087737495311
  0.70980025546632786  0.71958575037636907  0.72899084878702203  0.73824734383910484
  0.74746249582558044  0.75721743080347781  0.76732328201737576  0.77778924729202170
  0.78849916580251955  0.79889251249515381  0.80877305181482628  0.81943533407682456
  0.83004961426606250  0.84042550538916228  0.85087512356743733  0.86265737652953456
  0.87492521828365766  0.88653191254809727  0.89771080599001041  0.90889257037502447
  0.92031247144347839  0.93185384058449294  0.94337290695017806  0.95486127875667515
  0.96672978162421774  0.97848424197736983  0.98987871014548445  1.00000000000000000
 -0.00256443046645608  0.00931862601770874  0.02028330093198852  0.03079105615526031
  0.04082176406436223  0.05023366638280952  0.05978760646166582  0.07011973281292984
  0.08022627231142029  0.09011070732168046  0.09981318985906637  0.11053657614577568
  0.12103676888413953  0.13129891137538580  0.14185689789270306  0.15309154659140925
  0.16427838360155669  0.17488890761662082  0.18562992537004103  0.19661401378440604
  0.20732894660911882  0.21803991943821002  0.22874264601900529  0.23951777145361633
  0.24959737068023749  0.25897098555049564  0.26902948062951204  0.28040045266974767
  0.29143635004700896  0.30187143085683732  0.31186382718334116  0.32198939826694772
  0.33151851896857337  0.34139821369342532  0.35174352554661925  0.36241124509997835
  0.37318322373905849  0.38359589442277425  0.39397391938202880  0.40492044110592229
  0.41669162260210452  0.42753635324561279  0.43738181683599409  0.44700029125058938
  0.45634621633616201  0.46585457014445941  0.47562324482393847  0.48548670079716699
  0.49544649417925329  0.50498618155359432  0.51399250744331659  0.52351905337598048
  0.53377898658287770  0.54443841042562136  0.55489973147997651  0.56514004985180111
  0.57558243523767127  0.58657915238089897  0.59806211700866785  0.60853680276939437
  0.61833726476762629  0.62833774183912416  0.63814927769908236  0.64660504330267476
  0.65478954629265795  0.66320770284325525  0.67303301045125297  0.68344904628238934
  0.69407944734498805  0.70478185515488345  0.71598610693363041  0.72805391896029070
  0.73905559243001850  0.75024491696080720  0.76146017106152986  0.77217543096549190
  0.78276221038900706  0.79373627349580012  0.80564963618825314  0.81744443815762347
  0.82924068137814388  0.84103248742893089  0.85275157580501426  0.86432883606446287
  0.87595507499665293  0.88787905332706785  0.89968965445085414  0.91104543611906463
  0.92238283855195313  0.93382652398141563  0.94512364388674652  0.95558444809434773
  0.96576272307751643  0.97613840902429805  0.98685954156807654  1.00000000000000000
  0.00902777225479249  0.01761842625099336  0.02955028542686018  0.04146690586716471
  0.05157323005596594  0.06180567793008167  0.07222012813495285  0.08344049165107341
  0.09475214093376425  0.10607854747570578  0.11747062155203866  0.12863883771188320
  0.13949148722610794  0.14992732952907262  0.16006523135164294  0.17011566220756572
  0.17981529568297031  0.18919666082613593  0.19919406619673219  0.20938370278420865
  0.21923554057092354  0.22885978805309276  0.23892738782851020  0.24948033935340161
  0.26005459180531021  0.27072284493546134  0.28115502506267059  0.29140254151752809
  0.30141756822872628  0.31195525717487649  0.32326473480304435  0.33479786867378619
  0.34618390516162972  0.35728027654484190  0.36846321388098713  0.38002342414987678
  0.39108848478563640  0.40087256338810773  0.41011375600642958  0.41953000752168457
  0.43010578693584584  0.44219944095798674  0.45339917412939079  0.46423163147710711
  0.47504998968617995  0.48543529641753419  0.49585916987929446  0.50591143192886856
  0.51501969556417537  0.52451940548546083  0.53384530387564821  0.54421351338177193
  0.55484874989193378  0.56518047939684102  0.57509804210001569  0.58489599822475147
  0.59462008116255272  0.60446208997508255  0.61427904558905844  0.62369050999617404
  0.63257307020068154  0.64211344689624406  0.65139836933440587  0.66085300980617179
  0.67040411296598801  0.67970089835886605  0.69015601335325139  0.70201499037126203
  0.71314734777172606  0.72257389366169322  0.73158313675941777  0.74114065920985561
  0.75128350504948838  0.76110366940592633  0.77154308035572361  0.78305320014005708
  0.79499064020441468  0.80704192672923858  0.81826070627379222  0.82868066397781137
  0.83864567823712510  0.84919845603396782  0.86034749455239323  0.87210169710168484
  0.88362708140477630  0.89491599141814904  0.90669009327934169  0.91783814507564121
  0.92852744511464180  0.93884679934874238  0.94843358942379097  0.95807133388735033
  0.96779249340071016  0.97839211614673605  0.98863242401908535  1.00000000000000000
 -0.03807093980721174  0.17330064636582787  0.21721141651405168  0.24166149487276756
  0.26094505266350082  0.27736433829022683  0.29161930350442372  0.30248357626459899
  0.31207927284970299  0.31983177051873868  0.32706529308153015  0.33409201351115975
  0.34091750286103711  0.34716764251487497  0.35281633722523376  0.35811553302246596
  0.36329752471986615  0.36834524817010711  0.37356445584738407  0.37889906507187771
  0.38442485323029812  0.38996401779489676  0.39529573693598319  0.40033239376737040
  0.40515063933802620  0.40986181883432110  0.41447485709223353  0.41904313275373700
  0.42347006429051381  0.42775444681429342  0.43198674107028301  0.43621795617424641
  0.44035653155680632  0.44439308737335559  0.44849196498297350  0.45244148133325784
  0.45627275561639663  0.45995124531282411  0.46338148187921413  0.46665860454356251
  0.46994558275478199  0.47339050609740868  0.47687913430873341  0.48031520083566881
  0.48383747351337447  0.48743821939014570  0.49109259537700595  0.49482856985586937
  0.49866243324798987  0.50258268007718276  0.50641003803547369  0.51010353340106840
  0.51368732533429340  0.51714971233827922  0.52064628352817122  0.52434336480978061
  0.52832684125625307  0.53257967414932950  0.53719373306084928  0.54195051313597975
  0.54610433210373577  0.55026402939791852  0.55428717263007510  0.55819913707281665
  0.56214788641238744  0.56631571852013474  0.57057402895894960  0.57489435184511295
  0.57931118163085982  0.58366015277579242  0.58796265302946127  0.59221347624613485
  0.59680799405727403  0.60149664221165677  0.60613988903504268  0.61092633933664187
  0.61600492000061668  0.62133612780753134  0.62676960275246218  0.63240398293918720
  0.63838088234688728  0.64468821381747088  0.65112638501032671  0.65763773051381669
  0.66420847002816263  0.67141184453696212  0.67887071292472601  0.68674232613803732
  0.69571470462770091  0.70651079395498317  0.71970840322235308  0.73599252772134094
  0.75623801049536188  0.78223822080171779  0.82899723045633067  1.00000000000000000
   1.8501650238276199E-013  -1.0000000000000000     
 T T F F F F F F F F F F F F F F F F F F F F F F F F F F F F F F F F F F F F F F F F F F F F F F F F F F F F F F F F F F F F F F F F F F F F F F F F F F F F F F F F F F F F F F F F F F F F F F F F F F F F F F F F F F F F F F F F F F F F F F F F F F F F F F F F F F F F F F F F F F F F F F F F F F F F F F F F F F F F F F F F F F F F F F F F F F F F F F F F F F F F F F F F F F F F F F F F F F F F F F F F F F F F F F F F F F F F F F F F F F F F F F F F F F F F F F F F F F F F F F F F F F F F F F F F F F F F F F F F F F F F F F F F F F F F F F F F F F F F F F F F F F F F F F F F F F F F F F F F F F F F F F F F F F F F F F F F F F F F F F F F F F F F F F F F F F F F F F F F F F F F F F F F F F F F F F F F F F F F F F F F F F F F F F F F F F F F F F F F F F F F F F F F F F F F F F F F F F F F F F F F F F F F F F F F F F F F F F F F F F F F F F F F F F F F F F F F F F F F F F F F F F F F F F F F F F F F F F F F F F F F F F F F F F F F F F F F F F F F F F F F F F F F F F F F F F F F F F F F F F F F F F F F F F F F F F F F F F F F F F F F F F F F F F F F F F F F F F F F F F F F F F F F F F F F F F F F F F F F F F F F F F F F F F F F F F F F F F F F F F F F F F F F F F F F F F F F F F F F F F F F F F F F F F F F F F F F F F F F F F F F F F F F F F F F F F F F F F F F F F F F F F F F F F F F F F F F F F F F F F F F F F F F F F F F F F F F F F F F F F F F F F F F F F F F F F F F F F F F F F F F F F F F F F F F F F F F F F F F F F F F F F F F F F F F F F F F F F F F F F F F F F F F F F F F F F F F F F F F F F F F F F F F F F T T F F F F F F F F F F F F F F F F F F F F F F F F F F F F F F F F F F F F F F F F F F F F F F F F F F F F F F F F F F F F F F F F F F F F F F F F F F F F F F F F F F F F F F F F F F F F F F F F F F F F F F F F F F F F F F F F F F F F F F F F F F F F F F F F F F F F F F F F F F F F F F F F F F F F F F F F F F F F F F F F F F F F F F F F F F F F F F F F F F F F F F F F F F F F F F F F F F F F F F F F F F F F F F F F F F F F F F F F F F F F F F F F F F F F F F F F F F F F F F F F F F F F F F F F F F F F F F F F F F F F F F F F F F F F F F F F F F F F F F F F F F F F F F F F F F F F F F F F F F F F F F F F F F F F F F F F F F F F F F F F F F F F F F F F F F F F F F F F F F F F F F F F F F F F F F F F F F F F F F F F F F F F F F F F F F F F F F F F F F F F F F F F F F F F F F F F F F F F F F F F F F F F F F F F F F F F F F F F F F F F F F F F F F F F F F F F F F F F F F F F F F F F F F F F F F F F F F F F F F F F F F F F F F F F F F F F F F F F F F F F F F F F F F F F F F F F F F F F F F F F F F F F F F F F F F F F F F F F F F F F F F F F F F F F F F F F F F F F F F F F F F F F F F F F F F F F F F F F F F F F F F F F F F F F F F F F F F F F F F F F F F F F F F F F F F F F F F F F F F F F F F F F F F F F F F F F F F F F F F F F F F F F F F F F F F F F F F F F F F F F F F F F F F F F F F F F F F F F F F F F F F F F F F F F F F F F F F F F F F F F F F F F F F F F F F F F F F F F F F F F F F F F F F F F F F F F F F F F F F F F F F F F F F F F F F F F F F F F F F F F F F F F F F F F F F F F F F F F F F F F F F F F F F F F F F F F F F F F F F F F F F F F F F F F F F F F F F F F F F F F F F F F F F F F F F F F F F F F F F F F F F F F F F F F F F F F F F F F F F F F F F F F F F F F F F F F F F F F F F F F F F F F F F F F F F F F F F F F F F F F F F F F F F F F F F F F F F F F F F F F F F F F F F F F F F F F F F F F F F F F F F F F F F F F F F F F F F F F F F F F F F F F F F F F F F F F F F F F F F F F F F F F F F F F F F F F F F F F F F F F F F F F F F F F F F F F F F F F F F F F F F F F F F F F F F F F F F F F F F F F F F F F F F F F F F F F F F F F F F F F F F F F F F F F F F F F F F F F F F F F F F F F F F F F F F F F F F F F F F F F F F F F F F F F F F F F F F F F F F F F F F F F F F F F F F F F F F F F F F F F F F F F F F F F F F F F F F F F F F F F F F F F F F F F F F F F F F F F F F F F F F F F F F F F F F F F F F F F F F F F F F F F F F F F F F F F F F F F F F F F F F F F F F F F F F F F F F F F F F F F F F F F F F F F F F F F F F F F F F F F F F F F F F F F F F F F F F F F F F F F F F F F F F F F F F F F F F F F F F
  <DiscreteSampler_grid>
  grouped_processes
  1 # 1 for a reference and 2 for a running grid.
  10 # Attribute 'min_bin_probing_points' of the grid.
  1 # Attribute 'grid_mode' of the grid. 1=='default',2=='initialization'
  0.0000000000000000 # Attribute 'small_contrib_threshold' of the grid.
  0.5000000000000000 # Attribute 'damping_power' of the grid.
 # binID   n_entries weight   weight_sqr   abs_weight
    49   10   2.149678847237512E+008   8.819221809415547E+016   2.149678847237512E+008
    52   10   1.148749586741918E+007   2.518452915502394E+014   1.148749586741918E+007
    61   10   1.148749586741966E+007   2.518452915502558E+014   1.148749586741966E+007
    64   10   6.138710508946917E+005   7.191796764688965E+011   6.138710508946917E+005
    73   10   6.138710508946783E+005   7.191796764688694E+011   6.138710508946783E+005
    82   10   3.280416127898842E+004   2.053718788475662E+009   3.280416127898842E+004
    100   10   3.115618870727847E+008   2.257540930697099E+017   3.115618870727847E+008
    103   10   1.664930505686153E+007   6.446725869520764E+014   1.664930505686153E+007
    112   10   1.664930505686202E+007   6.446725869521108E+014   1.664930505686202E+007
    115   10   8.897088199099454E+005   1.840953307717755E+012   8.897088199099454E+005
    121   10   1.664930505686178E+007   6.446725869521201E+014   1.664930505686178E+007
    124   10   8.897088199099333E+005   1.840953307717782E+012   8.897088199099333E+005
    130   10   8.897088199099235E+005   1.840953307717746E+012   8.897088199099235E+005
    133   10   4.754443392814630E+004   5.257101278681617E+009   4.754443392814630E+004
  </DiscreteSampler_grid>
