 -0.00000002589997164  0.00000021110590147  0.00000055068405262  0.00000092607462912
  0.00000134310219238  0.00000170264492724  0.00000207471043507  0.00000246846156127
  0.00000285992676582  0.00000329126654638  0.00000374087413273  0.00000418015407077
  0.00000457813233739  0.00000493227421591  0.00000529717885187  0.00000569399316865
  0.00000613157869203  0.00000659031850953  0.00000705413883917  0.00000749585503665
  0.00000791637537534  0.00000832210784587  0.00000871063008279  0.00000910687212161
  0.00000952349587424  0.00000993915802986  0.00001032898823619  0.00001071263038052
  0.00001111805245315  0.00001151681470686  0.00001189545074904  0.00001225744268279
  0.00001262151214449  0.00001297535673808  0.00001329608354699  0.00001359768102142
  0.00001389859159446  0.00001421036802086  0.00001455509128418  0.00001492572553132
  0.00001529963375696  0.00001567554825004  0.00001604890028512  0.00001641663257624
  0.00001677500314911  0.00001713238395801  0.00001747767940673  0.00001781843273034
  0.00001817189147018  0.00001853669061863  0.00001891481118119  0.00001931073133112
  0.00001969349737627  0.00002006700896411  0.00002041278266265  0.00002072242992213
  0.00002100204188540  0.00002125231024413  0.00002149217708020  0.00002176901753906
  0.00002207340660278  0.00002240495744187  0.00002269732346149  0.00002297178585269
  0.00002326901372862  0.00002355642177662  0.00002383481809878  0.00002409973638284
  0.00002434222314737  0.00002458438597937  0.00002481642687511  0.00002504024278797
  0.00002525556708284  0.00002546581388817  0.00002566978137516  0.00002588705683543
  0.00002612695073452  0.00002636901488724  0.00002660455407929  0.00002683516988630
  0.00002706479589172  0.00002729059523664  0.00002751019266324  0.00002773203374839
  0.00002794815772961  0.00002813012404659  0.00002846022991676  0.00002905970134187
  0.00003909145687042  0.00004477868396612  0.00004814639180403  0.00005161089001959
  0.00005561006713442  0.00006607425111603  0.00009602370457940  1.00000000000000000
 -0.00000002866238968  0.00000021609242404  0.00000055998759995  0.00000093802821619
  0.00000130848503246  0.00000169249372215  0.00000201327925227  0.00000239153619885
  0.00000279453694289  0.00000319031117102  0.00000358776458258  0.00000407588963565
  0.00000453914664913  0.00000494185650876  0.00000532475120554  0.00000570079086720
  0.00000609481698414  0.00000649646391752  0.00000689066750809  0.00000730673335359
  0.00000768470693221  0.00000804553574063  0.00000842175885584  0.00000882795459965
  0.00000925556448235  0.00000968820190721  0.00001010632657106  0.00001048451176705
  0.00001088104740357  0.00001129547827049  0.00001172146601756  0.00001217011534291
  0.00001260272131003  0.00001300779456173  0.00001340976614367  0.00001377635178363
  0.00001413691793762  0.00001449481472698  0.00001482777466316  0.00001517398467191
  0.00001549832023145  0.00001582144120361  0.00001615051253146  0.00001647377002491
  0.00001678711081316  0.00001708952244500  0.00001738741431165  0.00001768532230463
  0.00001798239344832  0.00001829214773798  0.00001859167760823  0.00001889575950987
  0.00001919282597434  0.00001949216752766  0.00001983187488811  0.00002019146223792
  0.00002054219840470  0.00002088333952777  0.00002122668145105  0.00002155573037375
  0.00002185662635120  0.00002215622820038  0.00002245495031247  0.00002274532078960
  0.00002303000566942  0.00002331373809896  0.00002359495126113  0.00002386675362148
  0.00002412336565554  0.00002437060423717  0.00002461179625634  0.00002484002178995
  0.00002506270574525  0.00002528770757531  0.00002550656798155  0.00002573107380557
  0.00002603475378912  0.00002629495208201  0.00002655023164529  0.00002680032482197
  0.00002704359735141  0.00002727979481718  0.00002751051187031  0.00002773820788098
  0.00002795862121222  0.00002816351088663  0.00002845260162098  0.00002953340559837
  0.00003964044075343  0.00004610916927633  0.00005021431743008  0.00005239721185519
  0.00005525354307170  0.00006470435762408  0.00009545282163102  1.00000000000000000
  0.00898792917813577  0.01676691950985143  0.02838802425570679  0.03831690498324156
  0.04811637418375234  0.05844482257972273  0.06875644338872254  0.07853030591588116
  0.09041968886569424  0.10276718840747122  0.11290713369487416  0.12197022231927614
  0.13097273843703630  0.14010095512078827  0.14932383901121168  0.15912830714300769
  0.17019424828681029  0.18190769332324999  0.19245506664636014  0.20308718120970370
  0.21442659867378003  0.22565970216715950  0.23706531815580814  0.24804978243460807
  0.25917335650340423  0.27062043281746195  0.28155026440303826  0.29198101072735150
  0.30176603557534876  0.31193287208063158  0.32307120845826115  0.33461012409073221
  0.34647408393335111  0.35783285937899911  0.36887960613122583  0.37974576354925882
  0.39045074446213968  0.40082583283357426  0.41038480081681855  0.41968426814678728
  0.42887680084037272  0.43811955322310631  0.44705305166579656  0.45606706068251829
  0.46538544919232289  0.47488915072300614  0.48393287277617009  0.49174667838612512
  0.49898613197028624  0.51056634879779361  0.52165163852866914  0.53325407023871607
  0.54525516599389123  0.55611992380383479  0.56725409823976969  0.57893764624936805
  0.59094473629949307  0.60327609910925128  0.61524932241031871  0.62641989965313738
  0.63705010420460639  0.64739008576481383  0.65749098870779610  0.66742351438180625
  0.67784958656449579  0.68904644112789271  0.70085133020345380  0.71296043441530410
  0.72501731219470000  0.73691479310540209  0.74819787936780935  0.75860243908257152
  0.76883254203583962  0.77870130224769352  0.78827025245400850  0.79739229629242592
  0.80691065435140197  0.81715315550004797  0.82731639252225686  0.83805929062506357
  0.85057948592825350  0.86384184679814879  0.87615829983789206  0.88744195142164817
  0.89769279835793925  0.90644295436838407  0.91448633598006246  0.92302876111618348
  0.93182195106463805  0.94183094733397454  0.95193210794388927  0.96128203101094156
  0.97190456405450254  0.98299497041056882  0.99110351017684983  1.00000000000000000
  0.02506230994259828  0.02885493286000669  0.03449479400911614  0.04070280804498017
  0.04794767569515398  0.05576251766769810  0.06420040737194066  0.07233628033954786
  0.07996079562883442  0.08702511387202669  0.09307120124605869  0.10254213669216283
  0.11119362236729596  0.11886226263277529  0.12592873213530997  0.13298461684151425
  0.14117154465913753  0.14908446946026530  0.15741405419628787  0.16671083936485284
  0.17570078491038899  0.18520787272220282  0.19493214852491608  0.20527471723432889
  0.21647588833898995  0.22790185410658617  0.23943073995124606  0.25085709580770504
  0.26237795702564398  0.27374359083411104  0.28433649620639401  0.29404931351147084
  0.30307203714585884  0.31218137726054002  0.32157838225728069  0.33021625837627627
  0.33830697741386373  0.34740873367891562  0.35620044445496579  0.36584960833243180
  0.37624567767370121  0.38675563256064976  0.39655672614585413  0.40613948381827297
  0.41656951484782434  0.42728582267188842  0.43724664267334973  0.44764934600960948
  0.45651262564940920  0.46599519527466748  0.47526234015756047  0.48388281154448071
  0.49256279446910040  0.50151388255095808  0.51058466013065029  0.51901696819112886
  0.52726049945185116  0.53569985096394479  0.54480859475644594  0.55502046621840229
  0.56590860089622574  0.57691879772748900  0.58845380725123497  0.60027901562965746
  0.61213567567603200  0.62447441317654417  0.63772258250558200  0.65104450637525180
  0.66323905110199710  0.67566360302340389  0.68782880477521713  0.69886662764131069
  0.70747342712430450  0.71629561280396770  0.72556002586463475  0.73605768867360899
  0.74611786775317979  0.75596594732725864  0.76692887551308853  0.77836499186079422
  0.78915672017300442  0.79981602292298115  0.81129084001782592  0.82396973821066777
  0.83710542891082684  0.85109228603026998  0.86419943002215449  0.87663998642638274
  0.88820462449719317  0.89987586745986969  0.91218518601605569  0.92476194214031249
  0.94067228074249909  0.95855181820668511  0.97292130945936284  1.00000000000000000
 -0.00000001112373460  0.00000007289505703  0.00000018202552735  0.00000031741359430
  0.00000045484077635  0.00000061297954029  0.00000076271691098  0.00000091080875706
  0.00000105273751810  0.00000120517025403  0.00000136541698384  0.00000150428981891
  0.00000163138673778  0.00000176687539270  0.00000190693600251  0.00000204174993982
  0.00000217817304840  0.00000231459869489  0.00000244663486420  0.00000258161057161
  0.00000271025852492  0.00000283178344566  0.00000295941775516  0.00000310213402694
  0.00000325679865626  0.00000341149226013  0.00000356653109099  0.00000372017478947
  0.00000387809986381  0.00000404781418180  0.00000421958181105  0.00000438730106259
  0.00000455221155081  0.00000471476759186  0.00000487358481718  0.00000502588626399
  0.00000517683029294  0.00000533460556212  0.00000549012898353  0.00000563081307938
  0.00000575646636685  0.00000587711343908  0.00000599785582630  0.00000612529879100
  0.00000626862742204  0.00000640767593062  0.00000654587186668  0.00000669641637470
  0.00000685274603087  0.00000701267403287  0.00000717615845285  0.00000733768633454
  0.00000749221468817  0.00000763372282543  0.00000776309888798  0.00000789966969899
  0.00000803768984567  0.00000817897756830  0.00000831836835251  0.00000846459983329
  0.00000860788806780  0.00000874830198327  0.00000889076304960  0.00000903629644772
  0.00000918369991520  0.00000933758651545  0.00000949364392353  0.00000964773291133
  0.00000980050330763  0.00000996175116235  0.00001011574317356  0.00001027226844550
  0.00001046365260257  0.00001065346535031  0.00001085764030462  0.00001105521847008
  0.00001123220014810  0.00001140729595068  0.00001158599018012  0.00001178560465284
  0.00001200536825412  0.00001223126283063  0.00001244987417254  0.00001262925427390
  0.00001284931613488  0.00001313820481497  0.00001344833665838  0.00001374866536057
  0.00001406244720035  0.00001443310710680  0.00001488676746951  0.00001538278950692
  0.00001594719475765  0.00001661279045291  0.00001744458245491  1.00000000000000000
  0.00868124801412048  0.01806676129803960  0.02805665189592577  0.03856559213240838
  0.04896132536981464  0.05952350472629701  0.07078598200902819  0.08183206222334502
  0.09240474201656473  0.10307965687009833  0.11382256482725944  0.12405067074102340
  0.13314643142889460  0.14327842235802155  0.15380508500502918  0.16465733404669594
  0.17605268796583312  0.18682885142659755  0.19731845564321213  0.20849403788088461
  0.21986663873820897  0.23036783463255836  0.24437476165461239  0.25723430393534669
  0.26812473310934060  0.27830089672482544  0.28828007423526819  0.29913621697038506
  0.31077055487115007  0.32219654705254525  0.33299115763058623  0.34313652494947539
  0.35297186199519426  0.36334699485351613  0.37425587557420181  0.38541884252325148
  0.39674778451579618  0.40801769535655164  0.41911966278973628  0.43005262890769863
  0.44065696993106807  0.45108944413535607  0.46211177188161212  0.47337806842568614
  0.48459099045479981  0.49512237018041372  0.50537731747313941  0.51591529951620219
  0.52631607772475708  0.53549092530562126  0.54421429631527019  0.55326889171255389
  0.56235997294733875  0.57188680882821430  0.58266460386953067  0.59494719376876237
  0.60829334673021973  0.62214661660520654  0.63636434332369418  0.64865702258431890
  0.65812189043425062  0.66762643049761627  0.67710124940036542  0.68775784233776138
  0.69733366809798991  0.70610013625499779  0.71459910618130207  0.72309724367196260
  0.73206514071015494  0.74085451977750771  0.74930087339713924  0.75747650598976946
  0.76655550808245332  0.77558269114118616  0.78401697653286551  0.79096639026977600
  0.79903622486643922  0.80700513335912472  0.81575751303372557  0.82547175285485785
  0.83794585540672795  0.84493602814988589  0.85314271096592376  0.86230552960468720
  0.87194644503806873  0.88204134158757874  0.89272993609158591  0.90425087594666742
  0.91638132702807462  0.92851050045487615  0.94025818739377853  0.95209208759440744
  0.96348536121478345  0.97483742514272154  0.98661676417997357  1.00000000000000000
 -0.00214569541496727  0.00815039816239073  0.01781740891654143  0.02821539821238887
  0.03706835803964070  0.04631688887005762  0.05652103428626939  0.06696388465255300
  0.07967368714737993  0.09107593685369500  0.10286630814592819  0.11511204785276559
  0.12664527372378317  0.13702785566433218  0.14695507281890213  0.15750047875408418
  0.16891144429700730  0.18061476982104088  0.19220895289876183  0.20397114613615236
  0.21546471377950560  0.22549299561841982  0.23431901951141793  0.24288479153334361
  0.25148798926357491  0.26032642220432800  0.27171427105979684  0.28359170591814192
  0.29507555370819549  0.30678865116529552  0.31786477188480777  0.32871210482242813
  0.34007683284365386  0.35153181906192921  0.36278105320085530  0.37356183282444677
  0.38418693168229456  0.39490658480596824  0.40574664140297451  0.41656487597877567
  0.42752297504440306  0.43926082163465086  0.45187795309441597  0.46476965978275314
  0.47769426492031408  0.49069526571303457  0.50270978875152506  0.51533553742459171
  0.52653473489439595  0.53596416427487170  0.54450142518541167  0.55375028546005911
  0.56406923283014110  0.57547546058679144  0.58611730637882276  0.59636035601890980
  0.60769595003246712  0.61900354155187398  0.63166917719251814  0.64332068480135440
  0.65252278651130213  0.66169837987772795  0.67179810621610625  0.68176240474692273
  0.69116692904405597  0.69948526605794337  0.70708958494641638  0.71572284683573206
  0.72500352643417521  0.73446270924108037  0.74423882662840646  0.75482380439856211
  0.76552771254102991  0.77569786313799138  0.78505893390459791  0.79417488588079266
  0.80249136960208067  0.81145793994101578  0.82130269355918994  0.83187265350324335
  0.84256866848823542  0.85200527824909389  0.86136946991171970  0.87066836479588816
  0.88241852500510620  0.89437132124322460  0.90560065949009882  0.91629892393997303
  0.92650557305238490  0.93615999082896673  0.94628250826805227  0.95730894823240398
  0.96815422887910341  0.97940420937608696  0.98963148356218700  1.00000000000000000
 -0.00338382102025845  0.01067481770308365  0.02433558881785738  0.03728314836578718
  0.04908028358559485  0.06005200461523864  0.07113979983262800  0.08208267620079981
  0.09278289640734552  0.10367713152886759  0.11471457680457943  0.12618031852171996
  0.13791891941866305  0.14891438266850060  0.15943468485004722  0.17013904801450566
  0.18176650700657590  0.19261721384365618  0.20412981802250163  0.21638577566004061
  0.22753439744553469  0.23807332704697859  0.24901231802264034  0.25838438473398112
  0.26789268618210738  0.27830577568674653  0.28800103341545630  0.29837229456874559
  0.30950435944114579  0.31875005835938586  0.32743099648100843  0.33716475551324632
  0.34700042835126410  0.35618416728056157  0.36510118944681141  0.37438600068474154
  0.38456080303242368  0.39503873674695816  0.40483575248520820  0.41434960134093046
  0.42353252098828831  0.43369793336320955  0.44524130504598014  0.45654742911940083
  0.46702139206615989  0.47608013575444025  0.48450466612575521  0.49248632125258546
  0.50083108499593476  0.50948032153021783  0.51868621173792895  0.52912865175364299
  0.54080941383653536  0.55248046153229302  0.56399039003800122  0.57475265195606573
  0.58406375677249378  0.59359711053173148  0.60368952877209192  0.61483982259187075
  0.62681877267283581  0.63914551979761758  0.65174184175638461  0.66407100408541053
  0.67592710881136531  0.68713106979789840  0.69780522157677061  0.70828122502117097
  0.71880256096907291  0.72922314161098001  0.73889046201407449  0.74879922308595392
  0.75944287243698694  0.77041033744231913  0.78146907102171004  0.79282029233511497
  0.80379392029540919  0.81396703530156500  0.82286578030121260  0.83153947057599509
  0.84007125574644792  0.84919202621575485  0.85996936145220726  0.87064002096719861
  0.88032276584115066  0.88849857738707672  0.89745341823615665  0.90756680875135776
  0.91796684715939170  0.92906853090948893  0.94139502151917465  0.95435147272099830
  0.96604470615178017  0.97762806041410588  0.98927360664619401  1.00000000000000000
 -0.00312470177478386  0.01008788451457970  0.02209691981192256  0.03329899739218273
  0.04376660787713715  0.05372735467154204  0.06332001672240734  0.07263953677224576
  0.08250127689192320  0.09347862199385200  0.10399268816766691  0.11219434956431165
  0.11941187971160044  0.12697141837421147  0.13518290344014572  0.14380514296026253
  0.15248942164021556  0.16114327338969908  0.17039304634371683  0.18153805302602702
  0.19413852750475602  0.20680590338206534  0.21788647592160620  0.22794681241572609
  0.23834207674933056  0.24991777720800740  0.26182239067869334  0.27321300508308732
  0.28458424481122407  0.29539789223278695  0.30581527986039625  0.31545703913503964
  0.32528753765213381  0.33565892767344252  0.34649410052638863  0.35730387042282008
  0.36785234905462988  0.37875959729364955  0.38993265781293773  0.40141249017653619
  0.41284040388402926  0.42389153584471978  0.43460057291590332  0.44410535924758648
  0.45414978772240383  0.46460654744222130  0.47555045476819513  0.48774193898962026
  0.50099759111803965  0.51356877657101196  0.52620642746887281  0.53841621572178644
  0.55019258132447191  0.56176426593325401  0.57372136493367931  0.58610885890177333
  0.59799061488717942  0.60818329928726855  0.61721271528609034  0.62640647192050725
  0.63629134560445832  0.64576360925723242  0.65496476338101450  0.66349342500389119
  0.67248914845793939  0.68297756397932818  0.69365521298808064  0.70482944727564012
  0.71557498859122748  0.72596808224582865  0.73585470485086635  0.74511439144136349
  0.75625203147947362  0.76834359910093530  0.78012154405451017  0.79244603533381053
  0.80499022603222392  0.81819041542147930  0.83126627640485673  0.84285958481475132
  0.85308204319360104  0.86283436786040890  0.87288532768665361  0.88296266805312817
  0.89236334054823652  0.90184863285104822  0.91178560401232300  0.92300964987400991
  0.93509982198125574  0.94666346006866942  0.95722004160329299  0.96686788053674722
  0.97590656871392023  0.98393006342077549  0.99156009145876367  1.00000000000000000
 -0.00240059795618709  0.00937750955673964  0.02100912818928405  0.03390928070223657
  0.04541725641491125  0.05698855266671467  0.06844750329949724  0.07897341108734068
  0.08896196228468661  0.09845165090149999  0.10776627503813688  0.11734297645620838
  0.12685715991370089  0.13658451692916532  0.14655195956542272  0.15661356264313583
  0.16773634307791518  0.17941296076661439  0.19056727597060669  0.20157322210443354
  0.21256690646135656  0.22353692598720912  0.23505638321344724  0.24592300586789639
  0.25744048407797404  0.26821847348285960  0.27795247615215735  0.28798435400204042
  0.29891386061329595  0.31064840920327780  0.32219232972536127  0.33301523890909368
  0.34380937278034002  0.35542774471573940  0.36787103588467579  0.38019949049556351
  0.39271117402511418  0.40539945839079156  0.41705031040165819  0.42649454811804105
  0.43551612862208761  0.44501838629885387  0.45632133209823683  0.46815735844161843
  0.47895114342230283  0.48954717565513817  0.50159645132973329  0.51197886283279936
  0.52084433569578115  0.53083038329938403  0.54097487922250365  0.55229310254607422
  0.56442581729724350  0.57628836436701159  0.58605844125529893  0.59432524238125206
  0.60321734966557039  0.61321330089163506  0.62498471932903565  0.63397068128404654
  0.64127849303726103  0.64810445066174360  0.65612413123042579  0.66534062677398909
  0.67482025437812454  0.68519670159258550  0.69718044313324645  0.71030290191929391
  0.72343323163550899  0.73504624572531685  0.74482041832439361  0.75359264751032773
  0.76186338938884302  0.77162589175063934  0.78345986444349069  0.79506406101878968
  0.80456698651554270  0.81277354167204729  0.82155792200846611  0.83110494101253385
  0.84206113956633488  0.85101790712170555  0.86424854963160946  0.87693793783151530
  0.88935152959795749  0.90149778039671935  0.91288156085164118  0.92318253457150001
  0.93222684645707077  0.94037786118918087  0.94847291922964172  0.95714405484604703
  0.96637085081144392  0.97776123839788998  0.98928388227576802  1.00000000000000000
 -0.00190405685770729  0.00818463332947200  0.01869176874203305  0.02897113170657544
  0.03963560018746241  0.05053379665334739  0.06159164293272202  0.07264543862864732
  0.08372125768745303  0.09452505240280819  0.10596560729754353  0.11908701597909178
  0.13014997197930470  0.13971427220212132  0.14812910987152131  0.15680784028634803
  0.16661483993197532  0.17730222539436030  0.18805263023583849  0.20159248992720871
  0.21306215465055400  0.22232636910237566  0.23105111003931847  0.24005271447701518
  0.24995277342733660  0.25910823878787204  0.26737297470152271  0.27728882183803039
  0.28801883181143517  0.29817570970542712  0.30813332963467088  0.31925682677752476
  0.33165616662992736  0.34297370063637356  0.35276966438143026  0.36305732537973928
  0.37346201969957588  0.38434588127419789  0.39534976758451085  0.40698710424179974
  0.41961465546446047  0.43191018207220083  0.44443373840208306  0.45619355735639316
  0.46701458603070600  0.47719375512165763  0.48657251456272499  0.49672339746233179
  0.50860120072276305  0.51987276905063284  0.53095764475153662  0.54163382573291374
  0.55179207426229404  0.56191211932079888  0.57153833825911060  0.58147043729617687
  0.59188435064169753  0.60229893431533732  0.61357246725594750  0.62563227528665100
  0.63782293798624756  0.64958404909535095  0.66110139730595641  0.67237870792302867
  0.68321647814188402  0.69408910713799721  0.70457130918171906  0.71421334075017229
  0.72365922929038740  0.73339677180750740  0.74373006023418964  0.75367331626642742
  0.76166818987097451  0.77001891253207300  0.78009756906988492  0.78976440127774694
  0.79883770134961285  0.80605210359589219  0.81409903979146747  0.82503143093148912
  0.83593476504810005  0.84600319885595632  0.85589814275610276  0.86664280102875346
  0.87772080513133044  0.88961481173671675  0.90183298937272971  0.91248918182569549
  0.92454486901225641  0.93636849657216614  0.94815230906526005  0.95981475518350146
  0.97071301870848548  0.98053560847434817  0.99050548127654003  1.00000000000000000
 -0.00259569925928913  0.00881979132442734  0.02113774372827815  0.03307909418382159
  0.04293392026564272  0.05161017208495648  0.05998119723364476  0.06844364393056712
  0.07708901600361129  0.08544602070753443  0.09387998094200997  0.10326000226130409
  0.11306739223318085  0.12234201561311718  0.13130627383414667  0.14088171215146292
  0.15129824941152664  0.16194087676684826  0.17238575657858404  0.18353381310968681
  0.19502853496110520  0.20640089925882432  0.21773887493998473  0.22878293699958549
  0.23953024674185311  0.25048411285114702  0.26211895302619537  0.27463197551654295
  0.28736326441047028  0.29914912706209362  0.30997206777829728  0.32049257304808426
  0.33068177741778482  0.34020756773627409  0.34945340124755064  0.35952148755943758
  0.37082681351227875  0.38297552198306428  0.39444850179529328  0.40367509481489955
  0.41224155888677699  0.42188121686923208  0.43273762393671505  0.44441580141203885
  0.45618460926794241  0.46694943210156425  0.47644501983878268  0.48538688117666023
  0.49450294279081469  0.50397462102943502  0.51422349213818608  0.52473967302849400
  0.53549577081762545  0.54739696343977173  0.55982887662891501  0.57248353068138202
  0.58545363266129469  0.59829764777457062  0.61038800988210484  0.62127357546780837
  0.63215883478544033  0.64229703200256327  0.65145914714389919  0.66105367410580873
  0.67097469566872492  0.68057442098149579  0.68927857320583186  0.69768824265824148
  0.70684398569840612  0.71668478573247363  0.72538594363483688  0.73341131816031613
  0.74208932374673209  0.75264084602802561  0.76530617862282313  0.77816203312588483
  0.79010411100313294  0.80130387723669083  0.81213176584448366  0.82239508508484493
  0.83226662397036644  0.84263805132616176  0.85375133362132860  0.86549329233500583
  0.87691406393089921  0.88805875469068341  0.89969323136032575  0.91150162003225266
  0.92343666210597053  0.93426799667631200  0.94429954076035716  0.95398098677893406
  0.96519001065005217  0.97746251647118088  0.98968431961796566  1.00000000000000000
 -0.00309796977765606  0.01067037664972449  0.02307166361105055  0.03442448692116620
  0.04536147856082944  0.05628975058511954  0.06744477813849356  0.07887123582285072
  0.09031336013176232  0.10155875805993321  0.11233117724987647  0.12222916473078199
  0.13126168898480178  0.14098408268423498  0.15159338650477017  0.16239244215943596
  0.17350543370170685  0.18472027999392687  0.19549970953920023  0.20628418916459340
  0.21779640399306799  0.23044280155421545  0.24260024447536022  0.25481392935415698
  0.26707910085129161  0.27792398232803289  0.28814764138596699  0.29909773719647625
  0.30992204243815780  0.32115470748629621  0.33252794728440044  0.34351585517907618
  0.35375849800950970  0.36328550154358591  0.37271028770394821  0.38283016482659921
  0.39329501841958631  0.40295570786595247  0.41345869261753160  0.42466916433220547
  0.43548765224913033  0.44553421737038357  0.45641057204396540  0.46859192551608053
  0.48121542808353918  0.49377612556013467  0.50562158241195743  0.51664514174522047
  0.52708878512209389  0.53784667777436768  0.54921219601097704  0.56188573777665929
  0.57530412329326897  0.58753384642757944  0.59821046428565394  0.60839165545658402
  0.61818505094128429  0.62757842966564958  0.63647942165268900  0.64719074012555655
  0.65834054204625458  0.66896589230354409  0.67866921625612742  0.68941136880841891
  0.70068422985492640  0.71024999515279286  0.71748743963896944  0.72492681974412632
  0.73309265725607864  0.74041983538094402  0.74727784954308485  0.75509437174136773
  0.76350785057404247  0.77249234979330617  0.78298760619310270  0.79428653278222128
  0.80528881178662204  0.81560041522344295  0.82572530391603383  0.83719413021855216
  0.84948114776046491  0.86152246132854349  0.87384583833049467  0.88590179209313979
  0.89674573589957496  0.90643063948983893  0.91522269449702442  0.92348561191683209
  0.93231724910290104  0.94213370201870805  0.95178882848803370  0.96132062814029584
  0.97015707209060853  0.97938625843191585  0.98927500941591751  1.00000000000000000
 -0.00267073472733431  0.01013771586090612  0.02020265040966288  0.02994095239715277
  0.03915980146397741  0.05130780000380150  0.06270761206748272  0.07427896773513269
  0.08633355280353615  0.09808168367217840  0.10926845233633715  0.12039415545594741
  0.13155222818631127  0.14287624020459228  0.15412512447198581  0.16480470594395610
  0.17459583420764752  0.18416096667006251  0.19427772232687618  0.20432334656478821
  0.21379167645897787  0.22344149420049070  0.23359357892105351  0.24423390797666847
  0.25528971299244074  0.26655457394053489  0.27777380722018197  0.28889877624103139
  0.30047309701663744  0.31282535374026682  0.32578053008825064  0.33774686799495218
  0.34680073271139639  0.35540998110265815  0.36367596112779726  0.37135397251436514
  0.38000915829607429  0.38931937867277705  0.39897631026374908  0.41015080715316926
  0.42018027764045213  0.42926424787301659  0.43854666562933314  0.44804627250226792
  0.45855444990924893  0.47026104528964491  0.48243761522207634  0.49399243280652938
  0.50478093078314445  0.51520894195425915  0.52597492019907754  0.53737041927456763
  0.54925474874678071  0.56150371672046917  0.57404924965277959  0.58677722411811262
  0.59973451227739094  0.61349172036426991  0.62701644216755015  0.63977885876351215
  0.65245797111938708  0.66462479270194474  0.67594571430752792  0.68653770097778877
  0.69711230788657708  0.70809867711171759  0.71944882037981628  0.73051265757651007
  0.73990524955856096  0.74850191408963629  0.75682671420475334  0.76635565618258750
  0.77774133319486594  0.78948661479457416  0.80072107223038358  0.81204354781732835
  0.82357110914001874  0.83409079224811222  0.84347434427563306  0.85235919804316518
  0.86201220477497098  0.87217647015072541  0.88088367527368472  0.88934209525813057
  0.89846572985422790  0.90787523901455447  0.91755536643987734  0.92736021642085942
  0.93756769046789035  0.94808253049939162  0.95742014865058900  0.96556252988567082
  0.97402849615728082  0.98355977416899298  0.99250007899758030  1.00000000000000000
 -0.00221326258338526  0.00880438368515315  0.02076778209180782  0.03276914844726860
  0.04356086657535091  0.05262050724764109  0.06214301034524216  0.07076154343525944
  0.08335131747341105  0.09444074486466600  0.10505811718836397  0.11553352861143806
  0.12582459614549063  0.13603728079183028  0.14492869190802043  0.15215103386120585
  0.16000050422764925  0.17008080111205232  0.18277646292049815  0.19591858829009873
  0.20810638203767795  0.21925860585502899  0.23032858384907240  0.24094373075042186
  0.25153016088389035  0.26218065223426235  0.27240723169082376  0.28320159746062312
  0.29415858644012877  0.30494834961419992  0.31597985971507503  0.32676847990207680
  0.33769529074030469  0.34858199050232419  0.35757241997967515  0.36529920324638598
  0.37505284827236385  0.38431091065213530  0.39293498011290540  0.40166493217984822
  0.41045177222943424  0.42053003962278501  0.43247382795099598  0.44422557360610765
  0.45483745737992848  0.46543106329172768  0.47617731252023066  0.48657589662290573
  0.49694261095413506  0.50754193284483407  0.51914841283996116  0.53144513369957680
  0.54258437878970589  0.55450303881886442  0.56560378664732047  0.57639564531384901
  0.58750425357947922  0.59800612721082469  0.60695401277145689  0.61641071611943810
  0.62567630486303305  0.63459592219983862  0.64390160087852033  0.65468637859726198
  0.66696710051057417  0.67872880696977900  0.69037710997789381  0.70221881256069141
  0.71324385237121890  0.72390771329966708  0.73559509863397077  0.74640865534400858
  0.75601352765056329  0.76530976052875221  0.77569086090737527  0.78783409941053872
  0.79847740160902536  0.80830813705283966  0.81761857963111462  0.82727953633815277
  0.83750904213427158  0.84838645295031290  0.86014986593172915  0.87103314351340944
  0.88228127747801222  0.89377824183651389  0.90400384464752792  0.91497820545277464
  0.92622101390629730  0.93867649796806707  0.95003723416500296  0.96182043455590382
  0.97161765155890834  0.98137092483565280  0.99088400877722671  1.00000000000000000
 -0.00231523459395233  0.00938535437221202  0.01959486422231322  0.03085815063745066
  0.04114593784465709  0.05224719301759288  0.06403488424445440  0.07591904700364729
  0.08694951826105161  0.09773297222137080  0.10943917370160969  0.12139378040363304
  0.13347544945516859  0.14593772098087227  0.15809339043542134  0.16902972094492441
  0.17931002871770699  0.18987938871237953  0.20077630351113282  0.21318609609701542
  0.22513797986735851  0.23565857759267073  0.24587354197495120  0.25588369100691294
  0.26645122427314888  0.27742574421703292  0.28883277347579550  0.30056446742041720
  0.31205958543548840  0.32387361113802488  0.33583781963832215  0.34776583239961883
  0.35871238553759338  0.36818019756437892  0.37749621300186736  0.38728412933349493
  0.39753528826708917  0.40818069314437838  0.41849739072872588  0.42806422672856675
  0.43758389446242685  0.44763516790998842  0.45769446647576573  0.46800548083096405
  0.47809148186235773  0.48818374335133280  0.49848475001029985  0.50914787562704411
  0.51982176348541131  0.52969369077817241  0.53871304736841163  0.54797573726489068
  0.55748573374485721  0.56746050175153628  0.57828493294717842  0.58963854400176663
  0.60147356927352014  0.61283239769426068  0.62343497715068130  0.63339720519701903
  0.64283045272739658  0.65213396205398877  0.66141147021431679  0.67137378803421355
  0.68219610267726782  0.69350952232269036  0.70394779720256562  0.71520748526892630
  0.72617533304346782  0.73561085432470485  0.74458535690525818  0.75331797346721141
  0.76186179983288960  0.77055334917042362  0.77938212173337607  0.78850694548253364
  0.79771789887059896  0.80734024065537235  0.81570850330696387  0.82687896326815902
  0.83899803345586588  0.84964500679526955  0.86073352894048827  0.87093279889930419
  0.88101273943652403  0.89156014389235494  0.90298276636641595  0.91420510533383059
  0.92577118612402909  0.93834414956092815  0.95104913923887080  0.96275304011626017
  0.97303637296608980  0.98258546474374608  0.99119661612314769  1.00000000000000000
 -0.00190980686419552  0.00796229256098752  0.01781797510088314  0.02954197662367947
  0.04275737979822443  0.05600237612838575  0.06928178815386578  0.08205138544304073
  0.09399859169264019  0.10480369579209790  0.11510459002093530  0.12513668253024621
  0.13489301739652143  0.14447765241501320  0.15407546624109306  0.16312427401650395
  0.17160381619175530  0.18072486207768940  0.19006512935520375  0.20058132228478193
  0.21073941845756819  0.22074995981587114  0.22921965080806272  0.23875510999303504
  0.24970859884409324  0.26024405015969498  0.27010633121271754  0.27976716777511473
  0.28904611393407281  0.29837807286158885  0.30819924790497277  0.31785917948528802
  0.32787456776689777  0.33861974261258737  0.34976862936945363  0.36161321025001592
  0.37386973190008543  0.38511622342743712  0.39548848609470216  0.40596553805204050
  0.41689149918876567  0.42941310044985787  0.44199172724284613  0.45240154350188422
  0.46310995984847758  0.47371753005776684  0.48403760427781850  0.49312645215448708
  0.50275157798688896  0.51326175326920864  0.52420935107606859  0.53539618069436090
  0.54535069560924776  0.55482190490911942  0.56409104854400771  0.57285336293613931
  0.58165633145872853  0.59123113729542920  0.60144655899132671  0.61255388101667896
  0.62401431832263932  0.63531273741822591  0.64593856098879177  0.65596913653186151
  0.66631078596529547  0.67703053472048813  0.68693388005220613  0.69584609983319956
  0.70510780372970927  0.71508609306625515  0.72451337999915766  0.73337211920300482
  0.74169269875154009  0.75057580062078932  0.76078390058147716  0.77249317465688949
  0.78516444820533748  0.79785188680602315  0.81055422720196502  0.82300217722218094
  0.83484871676942962  0.84592386858717272  0.85629026269972541  0.86648724705581626
  0.87701966364764827  0.88783070567612621  0.89872662741451648  0.90906111023071734
  0.91970628738762361  0.93132309274644454  0.94333441460793288  0.95593701702309930
  0.96552809079904667  0.97582203715967586  0.98716811698181239  1.00000000000000000
 -0.00255768311401442  0.00915472875415577  0.02140933151607016  0.03266880138697655
  0.04390548549238617  0.05530264918444855  0.06683472571647323  0.07842065019133525
  0.08794518528013455  0.09674175045632151  0.10577713375864678  0.11683378188475298
  0.12785960911832769  0.13752784727461193  0.14719399879233291  0.15775553615776888
  0.16914532702750087  0.18070060314546504  0.19148711932435003  0.20121873154224204
  0.21117752489212119  0.22284513257350191  0.23337424603312018  0.24384107507477698
  0.25390426143644107  0.26344278743241512  0.27452159188178327  0.28558617010323867
  0.29639603008897430  0.30704054496916461  0.31918956191816994  0.33199246114251291
  0.34346812503657992  0.35457677822104305  0.36447640136231541  0.37439315092729797
  0.38484629694592432  0.39620296445530528  0.40843525389317170  0.41931018737297138
  0.42816183254884793  0.43637905446439434  0.44534402622204267  0.45425455020769578
  0.46381736802083423  0.47418958792822868  0.48568501002009562  0.49893952542450171
  0.50950061508994937  0.52018317312768891  0.53168848386780287  0.54340084945901179
  0.55437747235588064  0.56534163995888409  0.57587808437712951  0.58529760536567166
  0.59371933292924128  0.60250523565577507  0.61194100670544371  0.62188966216787478
  0.63281688615250964  0.64400919284827340  0.65313046141031794  0.66226415327064903
  0.67209692766521190  0.68168100351804084  0.69149841406605694  0.70207847843953408
  0.71246839199794343  0.72361881520280102  0.73560524960253126  0.74782847713857337
  0.75879947482511678  0.76827365904017175  0.77888880160689378  0.78858915393962659
  0.79829250580499633  0.80867807128016145  0.81941431719060098  0.83048196837947241
  0.83990203308580558  0.84868605142912101  0.85791699085318451  0.86874541701562058
  0.88054557055517579  0.89182650952084286  0.90266731744640738  0.91319602885259565
  0.92342406886887485  0.93352462348441667  0.94375653644762059  0.95431655411357774
  0.96516320339082917  0.97743228358938883  0.98891809985489276  1.00000000000000000
 -0.00175228035966167  0.00765367873630222  0.01686515008284427  0.02485957784934276
  0.03294757459917812  0.04324016366244265  0.05561407402671428  0.06743132924392738
  0.07707990105162854  0.08703763636962722  0.09712761739926193  0.10685354752106187
  0.11533600722449662  0.12381673380435719  0.13378613389977465  0.14528554667514634
  0.15740405612917865  0.16849026656853272  0.17811090226407103  0.18728700427642944
  0.19685578390931158  0.20736270018941716  0.21907553833504703  0.23126647068926795
  0.24303221579460504  0.25474326443933148  0.26613943329411677  0.27712677512474060
  0.28768299674331993  0.29806758007074091  0.30855500020036208  0.32031792641824897
  0.33327956538280951  0.34601232244394264  0.35777501849928756  0.36889244905985946
  0.37977108126141668  0.39049411377896626  0.40103121104382389  0.41125763564430923
  0.42152580645117188  0.43199597790923938  0.44263309769635317  0.45318390525344321
  0.46400791521542240  0.47541877302226704  0.48693832691697364  0.49784238352589688
  0.50809403791990981  0.51797806125545709  0.52789406224543090  0.53851789692934393
  0.55039198901371911  0.56337866424610172  0.57664467037451050  0.58971838443267699
  0.60133239761039936  0.61105447755273390  0.62095288617476785  0.63147804059278845
  0.64275310343769076  0.65362520589700246  0.66381677325037458  0.67375855494258363
  0.68421372864052432  0.69509617646248789  0.70578470374048641  0.71598605516626412
  0.72586585323943986  0.73504592915954436  0.74445910245773295  0.75335303841666157
  0.76146864317887875  0.76956876881447223  0.77849061264045516  0.78773808923014810
  0.79807463405250545  0.80855484298160107  0.81977354657219237  0.83127105558161252
  0.84258725783094657  0.85368114018391972  0.86535452468553220  0.87668048027143919
  0.88727970540037016  0.89741918959061151  0.90785423139807253  0.91887575462324345
  0.93012381851082637  0.94067805726998643  0.95093775570409833  0.96065912605282833
  0.96974117733167109  0.97856517196812309  0.98646173429195227  1.00000000000000000
 -0.00268126391709261  0.00992528516124649  0.02061824872869728  0.03037990974917227
  0.04075849599454019  0.04926743102361367  0.05801464676642339  0.06740330057951942
  0.07765556137624535  0.08959843267919314  0.10193201129354189  0.11060637616341938
  0.11898268256331289  0.12718012059753406  0.13529844432411009  0.14296608216624782
  0.15030824154933328  0.15865254282946820  0.16659426946069023  0.17525217931182793
  0.18511947014114663  0.19629734365073817  0.20762407764254770  0.21846030387795765
  0.22903709278097173  0.23956986490872245  0.25060852803450023  0.26137390098247154
  0.27235772067531305  0.28453971348635071  0.29616051641588248  0.30800911153480454
  0.31968524970386025  0.33145098098936243  0.34346508936606002  0.35540513405441704
  0.36726048839638031  0.37910077928622887  0.39063923533783085  0.40154267751460598
  0.41211656579971101  0.42264751732702160  0.43252035288159679  0.44290787434103496
  0.45331356103988280  0.46447649073964475  0.47653561492700364  0.48821129361154336
  0.49866308573514084  0.50834853962256854  0.51836649694049353  0.53015746974525357
  0.54095911888665116  0.55053997058485948  0.55957782680981782  0.56829527343843889
  0.57712416875321948  0.58687597430385263  0.59726435359183450  0.60802256773360319
  0.61860414236397721  0.62915847260606084  0.64012898083197267  0.65144683963363115
  0.66272387961902501  0.67378412198772109  0.68394719011810212  0.69367945506660433
  0.70410929520245080  0.71513114015831047  0.72620849638079343  0.73739001466520293
  0.74783810561447361  0.75714366069056160  0.76586184316820594  0.77561100919917314
  0.78642060957756055  0.79762687540690780  0.80871901482589448  0.81976014972216937
  0.83101208672268156  0.84249788074380338  0.85426611350370540  0.86602181702187886
  0.87728009014093400  0.88836116462040604  0.89970081011835412  0.91116116860340168
  0.92282027443492343  0.93461624625339790  0.94657116520079987  0.95784583081439412
  0.96843070028279643  0.97874863193292228  0.98850385123235973  1.00000000000000000
  0.00867436145836875  0.01855075451545220  0.02907995968237510  0.03991925555648059
  0.05007834064952183  0.06039892357918571  0.06899706539950931  0.07731744062070460
  0.08614630618245667  0.09596872930508590  0.10688905008964128  0.11731858256566710
  0.12777764593938587  0.13806136694851281  0.14890418706050895  0.16057971343737007
  0.17269430141792202  0.18426033844303166  0.19689080178643203  0.20892102102985488
  0.22092111357373811  0.23235153543241466  0.24287863753093841  0.25261266410384464
  0.26220334341225549  0.27235001595696035  0.28293798903429468  0.29345652723767451
  0.30410721360630955  0.31520971585485164  0.32639521852999126  0.33646682827912294
  0.34520542057446918  0.35422988880247347  0.36473822532274919  0.37578596969979394
  0.38591409345414263  0.39579794595658474  0.40612058881856311  0.41661418674354317
  0.42704726693881512  0.43829285231889947  0.45067374536097249  0.46362677472154723
  0.47635064121475995  0.48803927670272640  0.49847246385018840  0.50832084703698044
  0.51812825435157916  0.52900051159271888  0.53977669429077735  0.55052238606631110
  0.56041866272390128  0.57091696698358119  0.58187330402505988  0.59250162416774232
  0.60343711503287012  0.61463661981522255  0.62539996732990100  0.63527242764530911
  0.64497294302973895  0.65522656649081645  0.66509310253441645  0.67332190107591006
  0.68192361830323178  0.69121163331883073  0.70010476375300856  0.70862187616627670
  0.71830976767102517  0.72921582482559655  0.74098002478498159  0.75289016155639021
  0.76336759877683458  0.77259955994401852  0.78106777797782645  0.78954214695348168
  0.80065840548435829  0.81236441798377212  0.82431582969657080  0.83586585290895798
  0.84716547100354889  0.85680919586005466  0.86373754034003414  0.87427130303206535
  0.88407520037310339  0.89328457030331365  0.90247197017881731  0.91150316926222175
  0.92124407243176132  0.93247252010670278  0.94446313140292792  0.95595937112051610
  0.96693948642259020  0.97776237491329165  0.98821789629404722  1.00000000000000000
 -0.04232517888504107  0.17998140531045814  0.22384841469642572  0.25324066056107691
  0.27394948835149796  0.28972605220503667  0.30255174754484593  0.31330703847546926
  0.32274083117249003  0.33163875338752385  0.33953956545563074  0.34656020620811767
  0.35269030740100038  0.35857215209466731  0.36439885878172812  0.37004989557229029
  0.37541283132206976  0.38069780856534763  0.38587927450527648  0.39095233524095518
  0.39605869366853025  0.40130369537313032  0.40644892021617290  0.41149107382527966
  0.41643172776299348  0.42083546163090557  0.42502064055450778  0.42906527103506886
  0.43300772543797816  0.43715754576040938  0.44166145155298597  0.44573494911559758
  0.44950752466857519  0.45321792999300858  0.45682470322052199  0.46041653042138397
  0.46407031570368495  0.46768671676000495  0.47117073668197534  0.47451998434646514
  0.47777435024741366  0.48093051919846713  0.48431731114478482  0.48770768513504226
  0.49083706425591350  0.49395299582726165  0.49720227680985918  0.50058251375270169
  0.50402618613358818  0.50760874590029892  0.51102416929055194  0.51384898426762038
  0.51641683098287905  0.51907042790692848  0.52206211757332588  0.52516815495097113
  0.52849363954925355  0.53197656685660089  0.53535064416088318  0.53866963252758093
  0.54165696341739844  0.54470540511807952  0.54780410882680342  0.55108179162901239
  0.55475835211122226  0.55839474880092133  0.56200512717649820  0.56636220672385662
  0.57092315075470623  0.57537572867725784  0.57964476085326055  0.58419626929034218
  0.58893290826429656  0.59373414520237744  0.59866067460783257  0.60373605273034159
  0.60898013960567887  0.61446448776503981  0.62033625099368317  0.62641319221228209
  0.63261963495950602  0.63914868943946013  0.64565889204946336  0.65203591552177131
  0.65834598021717683  0.66493118166988874  0.67205801981875712  0.68005204404499997
  0.68964461686969036  0.70086268132077612  0.71398246604183835  0.72994214340558816
  0.74843181836940043  0.77005494196544688  0.81139113365757309  1.00000000000000000
   4.3797192298551399E-010  -1.0000000000000000     
 T F F F F F F F F F F F F F F F F F F F F F F F F F F F F F F F F F F F F F F F F F F F F F F F F F F F F F F F F F F F F F F F F F F F F F F F F F F F F F F F F F F F F F F F F F F F F F F F F F F F F F F F F F F F F F F F F F F F F F F F F F F F F F F F F F F F F F F F F F F F F F F F F F F F F F F F F F F F F F F F F F F F F F F F F F F F F F F F F F F F F F F F F F F F F F F F F F F F F F F F F F F F F F F F F F F F F F F F F F F F F F F F F F F F F F F F F F F F F F F F F F F F F F F F F F F F F F F F F F F F F F F F F F F F F F F F F F F F F F F F F F F F F F F F F F F F F F F F F F F F F F F F F F F F F F F F F F F F F F F F F F F F F F F F F F F F F F F F F F F F F F F F F F F F F F F F F F F F F F F F F F F F F F F F F F F F F F F F F F F F F F F F F F F F F F F F F F F F F F F F F F F F F F F F F F F F F F F F F F F F F F F F F F F F F F F F F F F F F F F F F F F F F F F F F F F F F F F F F F F F F F F F F F F F F F F F F F F F F F F F F F F F F F F F F F F F F F F F F F F F F F F F F F F F F F F F F F F F F F F F F F F F F F F F F F F F F F F F F F F F F F F F F F F F F F F F F F F F F F F F F F F F F F F F F F F F F F F F F F F F F F F F F F F F F F F F F F F F F F F F F F F F F F F F F F F F F F F F F F F F F F F F F F F F F F F F F F F F F F F F F F F F F F F F F F F F F F F F F F F F F F F F F F F F F F F F F F F F F F F F F F F F F F F F F F F F F F F F F F F F F F F F F F F F F F F F F F F F F F F F F F F F F F F F F F F F F F F F F F F F F F F F F F F F F F F F F F F F F F F F F F F F F F F F T F F F F F F F F F F F F F F F F F F F F F F F F F F F F F F F F F F F F F F F F F F F F F F F F F F F F F F F F F F F F F F F F F F F F F F F F F F F F F F F F F F F F F F F F F F F F F F F F F F F F F F F F F F F F F F F F F F F F F F F F F F F F F F F F F F F F F F F F F F F F F F F F F F F F F F F F F F F F F F F F F F F F F F F F F F F F F F F F F F F F F F F F F F F F F F F F F F F F F F F F F F F F F F F F F F F F F F F F F F F F F F F F F F F F F F F F F F F F F F F F F F F F F F F F F F F F F F F F F F F F F F F F F F F F F F F F F F F F F F F F F F F F F F F F F F F F F F F F F F F F F F F F F F F F F F F F F F F F F F F F F F F F F F F F F F F F F F F F F F F F F F F F F F F F F F F F F F F F F F F F F F F F F F F F F F F F F F F F F F F F F F F F F F F F F F F F F F F F F F F F F F F F F F F F F F F F F F F F F F F F F F F F F F F F F F F F F F F F F F F F F F F F F F F F F F F F F F F F F F F F F F F F F F F F F F F F F F F F F F F F F F F F F F F F F F F F F F F F F F F F F F F F F F F F F F F F F F F F F F F F F F F F F F F F F F F F F F F F F F F F F F F F F F F F F F F F F F F F F F F F F F F F F F F F F F F F F F F F F F F F F F F F F F F F F F F F F F F F F F F F F F F F F F F F F F F F F F F F F F F F F F F F F F F F F F F F F F F F F F F F F F F F F F F F F F F F F F F F F F F F F F F F F F F F F F F F F F F F F F F F F F F F F F F F F F F F F F F F F F F F F F F F F F F F F F F F F F F F F F F F F F F F F F F F F F F F F F F F F F F F F F F F F F F F F F F F F F F F F F F F F F F F F F F F F F F F F F F F F F F F F F F F F F F F F F F F F F F F F F F F F F F F F F F F F F F F F F F F F F F F F F F F F F F F F F F F F F F F F F F F F F F F F F F F F F F F F F F F F F F F F F F F F F F F F F F F F F F F F F F F F F F F F F F F F F F F F F F F F F F F F F F F F F F F F F F F F F F F F F F F F F F F F F F F F F F F F F F F F F F F F F F F F F F F F F F F F F F F F F F F F F F F F F F F F F F F F F F F F F F F F F F F F F F F F F F F F F F F F F F F F F F F F F F F F F F F F F F F F F F F F F F F F F F F F F F F F F F F F F F F F F F F F F F F F F F F F F F F F F F F F F F F F F F F F F F F F F F F F F F F F F F F F F F F F F F F F F F F F F F F F F F F F F F F F F F F F F F F F F F F F F F F F F F F F F F F F F F F F F F F F F F F F F F F F F F F F F F F F F F F F F F F F F F F F F F F F F F F F F F F F F F F F F F F F F F F F F F F F F F F F F F F F F F F F F F F F F F F F F F F F F F F F F F F F F F F F F F F F F F F F F F F F F F F F F F F F F F F F F F F F F F F F F F F F F F F F F F F F F F
  <DiscreteSampler_grid>
  grouped_processes
  1 # 1 for a reference and 2 for a running grid.
  10 # Attribute 'min_bin_probing_points' of the grid.
  1 # Attribute 'grid_mode' of the grid. 1=='default',2=='initialization'
  0.0000000000000000 # Attribute 'small_contrib_threshold' of the grid.
  0.5000000000000000 # Attribute 'damping_power' of the grid.
 # binID   n_entries weight   weight_sqr   abs_weight
    37   10   9.329482626585495E+010   7.956276317480494E+022   9.329482626585495E+010
    40   10   9.971014345308628E+009   9.088106738355702E+020   9.971014345308628E+009
    43   10   9.971014345308628E+009   9.088106738355706E+020   9.971014345308628E+009
    46   10   5.328330147217220E+008   2.595236791433475E+018   5.328330147217220E+008
    49   10   2.664165073608672E+008   6.488091978583990E+017   2.664165073608672E+008
    52   10   5.328330147217340E+008   2.595236791433593E+018   5.328330147217340E+008
    55   10   2.847363485250885E+007   7.411063929503133E+015   2.847363485250885E+007
    58   10   2.664165073608726E+008   6.488091978584256E+017   2.664165073608726E+008
    61   10   2.847363485250943E+007   7.411063929503438E+015   2.847363485250943E+007
    64   10   7.607898340697234E+005   5.290834033765278E+012   7.607898340697234E+005
  </DiscreteSampler_grid>
