  0.02475696148347079  0.02988209028398020  0.03543982812168640  0.04143324000982954
  0.04780100457152020  0.05479434663884884  0.06271204715600613  0.07147643962340823
  0.08066938474879026  0.08998293296532114  0.09896742889602504  0.10751576452067339
  0.11599559158437721  0.12516007018540695  0.13456596705685214  0.14307936446383460
  0.15067298935656512  0.15790541918693582  0.16561812232210085  0.17516732435998555
  0.18598920322701917  0.19694631501867949  0.20768459071758291  0.21821120749999839
  0.22847641274225589  0.23828927105072942  0.24755857863429709  0.25615341457148832
  0.26406486008460950  0.27191974731486357  0.27976330368579039  0.28776457513033110
  0.29653114362710359  0.30599765316124056  0.31579315339720621  0.32577672692162296
  0.33618926183527653  0.34718291644271393  0.35812848009835252  0.36880488671034617
  0.37913113112661162  0.38948083703248992  0.40048926268392088  0.41208342527976821
  0.42363498109864767  0.43421947475858902  0.44388516156388863  0.45338281356233273
  0.46333677273706436  0.47400379856098518  0.48493823287661364  0.49588514696050057
  0.50688323530032309  0.51802380202046838  0.52920538593605604  0.54035167519497374
  0.55143281022512070  0.56225489331494305  0.57262995270286610  0.58281065955170419
  0.59264269949280468  0.60262523062490092  0.61323972608355903  0.62353302135715782
  0.63230798878933592  0.64073334777770841  0.65080617351886483  0.66120916505444749
  0.67022178202851002  0.67870196687878981  0.68822451631366166  0.69876157139705142
  0.70870360035082858  0.71865902610891585  0.72790594396395947  0.73748396736291155
  0.74729541915244890  0.75698736687989387  0.76676300045566492  0.77832223746168760
  0.79032395380632547  0.80188380091444766  0.81312924284239663  0.82402839213873547
  0.83520178445928872  0.84757314993551047  0.86124196397850272  0.87505101244857952
  0.88578560627106584  0.89880398410236084  0.91110305582052109  0.92435011612399065
  0.94031755263414918  0.95773553359620966  0.97337044538922490  1.00000000000000000
 -0.00000001580554766  0.00000009692494244  0.00000023080808748  0.00000038043709016
  0.00000054705674513  0.00000071592406266  0.00000087025007549  0.00000100773076862
  0.00000115321779094  0.00000130349731882  0.00000144985370607  0.00000160234602607
  0.00000176460968590  0.00000192872683337  0.00000208942973843  0.00000224516565277
  0.00000239795886315  0.00000255437027889  0.00000272012597375  0.00000288821316792
  0.00000304287380721  0.00000318281127090  0.00000332230794615  0.00000345817936037
  0.00000360521941731  0.00000376669527424  0.00000393744790373  0.00000410898967326
  0.00000428055655895  0.00000444810863081  0.00000460804701156  0.00000475846316742
  0.00000490750608438  0.00000505291209626  0.00000519678110722  0.00000533785989090
  0.00000547307925969  0.00000560926309401  0.00000574464338696  0.00000588740722910
  0.00000602656438458  0.00000617330806194  0.00000632291493212  0.00000647113584918
  0.00000661467336658  0.00000675315898833  0.00000688305871104  0.00000699771369561
  0.00000710996505045  0.00000723824806506  0.00000736616743753  0.00000748623464260
  0.00000761510911143  0.00000775155281122  0.00000789702167821  0.00000804885358521
  0.00000820225223150  0.00000835291354335  0.00000849981646836  0.00000864959830580
  0.00000880704723826  0.00000896695644071  0.00000913289630085  0.00000930578730677
  0.00000947705661669  0.00000964421011741  0.00000981015767183  0.00000997569368841
  0.00001013977075382  0.00001029744246771  0.00001045420541239  0.00001061720428157
  0.00001079036195813  0.00001097804474300  0.00001118268589352  0.00001140929006832
  0.00001165827796241  0.00001193277706104  0.00001222791315286  0.00001253650748784
  0.00001284445492561  0.00001314141081555  0.00001343018142044  0.00001369285733659
  0.00001392652746485  0.00001415478734477  0.00001438835410577  0.00001461957598499
  0.00001485826137203  0.00001509432557156  0.00001531794707424  0.00001554236987354
  0.00001580557346597  0.00001616632017342  0.00001670502687369  1.00000000000000000
  0.00904174450068074  0.01743653127764584  0.02716721735881744  0.03681703733344262
  0.04668162899802126  0.05717267277190295  0.06741050448186445  0.07746214842663665
  0.08780506044283803  0.09747134518214637  0.10738997898631461  0.11797733295558786
  0.12889950542437414  0.14131609425833119  0.15417337503813180  0.16670889048181842
  0.17787163886341237  0.18777516668706187  0.19731714747909268  0.20645911881827747
  0.21681064087545529  0.22769237398708597  0.23715119964908868  0.24650790698648134
  0.25626786600225271  0.26793918526973287  0.27891967922967714  0.28909549377005106
  0.29906299865586566  0.30929393906901731  0.32065711871623043  0.33123898349840941
  0.34164256903308976  0.35185314538310786  0.36269620163318489  0.37420586491310037
  0.38638831174844140  0.39859164239524147  0.41065468943174238  0.42147021618646602
  0.43092303413131922  0.43985695899296778  0.44876306620813022  0.45788077330131854
  0.46872788630967333  0.48007035613071120  0.49068258195327502  0.50025370194034258
  0.50766841689140418  0.51644565814022425  0.52614211055091142  0.53560430200050468
  0.54432873760885647  0.55318269115151297  0.56265019578505215  0.57389694000111280
  0.58602485028858053  0.59766204764918573  0.60840869613761372  0.61891618278858629
  0.63011390742249684  0.64199398108011030  0.65421962151469104  0.66625059284514321
  0.67775071070364090  0.68929168264092833  0.70071366703449656  0.71226631653960970
  0.72279983283139204  0.73155936544663758  0.73972130502055233  0.74857156055401364
  0.75832866190686965  0.76849930785555609  0.77896999440135029  0.78947514210551994
  0.80026681699671653  0.81114225211416580  0.82180457919515393  0.83205194761703594
  0.84254604942176747  0.85256472263020622  0.86366461278068063  0.87393764390769568
  0.88444245862426207  0.89476865919474569  0.90394135789599173  0.91250050841319352
  0.92166108012871040  0.93115128039451023  0.94090804548916751  0.95087686266733940
  0.96121183735529592  0.97293814494853070  0.98592524695069106  1.00000000000000000
 -0.00000004201974090  0.00000026639374807  0.00000064230625138  0.00000103316794610
  0.00000146333706778  0.00000192627456304  0.00000239830567580  0.00000287217577948
  0.00000334746598768  0.00000383833347877  0.00000432275590221  0.00000480342726558
  0.00000527189256196  0.00000572969150039  0.00000618262367197  0.00000662767878348
  0.00000705679385728  0.00000746875652910  0.00000788900358041  0.00000830468369504
  0.00000870418501158  0.00000909168286113  0.00000949142656511  0.00000989574568304
  0.00001027109823473  0.00001060499630020  0.00001091958758941  0.00001126293639273
  0.00001165062577472  0.00001203158349223  0.00001242484150637  0.00001279980193010
  0.00001315323870601  0.00001350054979095  0.00001385156721856  0.00001420939371836
  0.00001456461427214  0.00001489537077735  0.00001520521104660  0.00001551680221988
  0.00001584226941631  0.00001617326007070  0.00001648710851085  0.00001679991156922
  0.00001709526302651  0.00001736921213720  0.00001765236825227  0.00001795857005350
  0.00001827553053930  0.00001859701255257  0.00001892022214373  0.00001923549708719
  0.00001954565170658  0.00001985747881944  0.00002016838507765  0.00002047062363465
  0.00002077513069786  0.00002108191100877  0.00002138340754307  0.00002167435649570
  0.00002195375899741  0.00002223161639938  0.00002251389603114  0.00002279554940363
  0.00002308649124141  0.00002338766962890  0.00002366657924450  0.00002392276938857
  0.00002419296477882  0.00002446755465521  0.00002474007277952  0.00002499834703245
  0.00002524518331192  0.00002548201555502  0.00002572292380184  0.00002596986130157
  0.00002621343242314  0.00002646134257551  0.00002670730021113  0.00002694923130177
  0.00002718761074161  0.00002742221295369  0.00002765646286786  0.00002789305909622
  0.00002812780905119  0.00002841273928600  0.00002898282784103  0.00003690947277388
  0.00004361532729684  0.00004750492689951  0.00005073117357267  0.00005377834246713
  0.00005692895920608  0.00006217616722330  0.00009746674667002  1.00000000000000000
 -0.00000004424334732  0.00000027716359241  0.00000065136331014  0.00000103699535780
  0.00000146572820995  0.00000191913553174  0.00000242254808122  0.00000292017327294
  0.00000334072494983  0.00000370526964109  0.00000406996610271  0.00000446316559658
  0.00000490215391686  0.00000536133749617  0.00000582937281687  0.00000630968739292
  0.00000678639923186  0.00000725600706786  0.00000772350233242  0.00000817296062221
  0.00000861456461701  0.00000906805727864  0.00000951370218734  0.00000994062255723
  0.00001035639754925  0.00001074725372746  0.00001111229649713  0.00001143968124874
  0.00001176028257918  0.00001208024036702  0.00001243016916276  0.00001277502935488
  0.00001312078076604  0.00001347687974399  0.00001384571469069  0.00001421460618943
  0.00001457116609565  0.00001492441290100  0.00001527025617280  0.00001561624770565
  0.00001596598796722  0.00001630744125465  0.00001664156100615  0.00001697781345153
  0.00001731285429868  0.00001765000219867  0.00001799468478779  0.00001833847521355
  0.00001867829345282  0.00001901226076337  0.00001934216972982  0.00001965884022346
  0.00001995182721170  0.00002023636616008  0.00002052241379304  0.00002081718205329
  0.00002112187894197  0.00002143024555813  0.00002173870980847  0.00002204961908783
  0.00002234276051919  0.00002262539780403  0.00002292012221115  0.00002322530583369
  0.00002353763445934  0.00002385611735024  0.00002417074992309  0.00002447433905996
  0.00002476811895629  0.00002504958162471  0.00002532264688881  0.00002558562153577
  0.00002583526137217  0.00002606896600306  0.00002630060862290  0.00002652937717507
  0.00002675071793097  0.00002695888055499  0.00002714816572346  0.00002732435272407
  0.00002750495369162  0.00002769071329144  0.00002787068253222  0.00002804725210031
  0.00002820111451327  0.00002868156994437  0.00003097018320533  0.00003912115551694
  0.00004426990247388  0.00004774292558740  0.00005061838960199  0.00005341326603654
  0.00005818717896073  0.00006863038859770  0.00009531419995317  1.00000000000000000
  0.00798306752362047  0.02041482036503542  0.03075896615166402  0.04062568011063487
  0.05005479318568675  0.05918976417097414  0.06897117041671771  0.07912462949471916
  0.08818716777105837  0.09640512519434648  0.10513633481514209  0.11442322960776635
  0.12381408695483043  0.13220285148252897  0.14106777229097986  0.15145640365092403
  0.16300785714539098  0.17506297780950361  0.18680988179861427  0.19819638121661562
  0.20930765645601210  0.21985329981736162  0.23045800827772750  0.24142508258169615
  0.25294371754744416  0.26464389262257354  0.27621737999542056  0.28776515102140354
  0.29941105978854893  0.31071771314332947  0.32105307280207046  0.33086299358620791
  0.34076279462823095  0.35028855561564443  0.35939718540455151  0.36822909292847456
  0.37659995257221340  0.38552693396870269  0.39545025351295043  0.40425842193630734
  0.41312971291102368  0.42354612859987134  0.43465561756064441  0.44491789228799117
  0.45454686915378989  0.46405958108821665  0.47356690769717391  0.48356459855321304
  0.49454769299841950  0.50598222956434535  0.51696594753425273  0.52727036862723242
  0.53699894685118432  0.54645361343104359  0.55600222114486630  0.56598652005948735
  0.57698172125216585  0.58868493544644662  0.60017872478681489  0.61093985654414873
  0.62099093998770372  0.63041028740135907  0.63959507657999581  0.64901458073487572
  0.65894261377328522  0.66901970352959750  0.67877214186841861  0.68855111383915601
  0.69864188555472551  0.70888702386205049  0.71956894444496522  0.73060714633879231
  0.74187011414155046  0.75334865210357949  0.76466880311052188  0.77556518328203350
  0.78712745260704697  0.79912952761465639  0.81051090282965665  0.82184788777663320
  0.83250683142558746  0.84293886680957930  0.85316885647188323  0.86382740280282377
  0.87483330975251306  0.88597853798734916  0.89737175292494054  0.90967910850657729
  0.92184699018634131  0.93225464513579681  0.94215419873877915  0.95173455779330562
  0.96169217929663586  0.97224041130280159  0.98382902108084436  1.00000000000000000
 -0.00295756615520658  0.00982962690863290  0.02223450111369905  0.03398892825154220
  0.04534537568037721  0.05711849388224585  0.06983866066139063  0.08334009070692623
  0.09630915541296441  0.10783520118142577  0.11844156567231511  0.12853435823687315
  0.13894290934669482  0.15009658666840267  0.16172871048386023  0.17288640081292886
  0.18334812139879253  0.19370249799151457  0.20471532108759577  0.21647027662495399
  0.22854568855065130  0.24076418026941224  0.25277033860316317  0.26416036036441931
  0.27374599135650107  0.28184887866509378  0.29012421511226588  0.29933710817880066
  0.30920416570317433  0.31779897357014381  0.32524035628084885  0.33336828113034878
  0.34387497602549277  0.35612810315069210  0.36811968881148194  0.37923373600132415
  0.38954428324868284  0.39890796674313656  0.40829025770071026  0.41877240079875155
  0.42917038912755862  0.44039686853143101  0.45259891836870692  0.46451442900320811
  0.47451715698882924  0.48399098193245760  0.49240679238060198  0.50026538404412080
  0.50894192191088905  0.51750141231614288  0.52699273761806886  0.53736955893809724
  0.54712468809136683  0.55679713429028699  0.56732550892550071  0.57756078849906800
  0.59111431608045395  0.60243909646608940  0.61263938868997869  0.62270060587589959
  0.63143033985711194  0.64092447040525402  0.65109313672461888  0.66259599005672221
  0.67542170849562666  0.68772739244981462  0.69954794880411486  0.71086742541923442
  0.72200666295071469  0.73306725889859081  0.74418856387732590  0.75551990899952093
  0.76642048295915688  0.77624807944709728  0.78667607919237215  0.79785642288442771
  0.80781942347180313  0.81694556518344763  0.82621485486147839  0.83654060787994100
  0.84660893257721626  0.85718701460933866  0.86801319606880656  0.87845824328251532
  0.88862013514006388  0.89795328157280530  0.90928732587012628  0.92066371374043843
  0.93187914466369881  0.94245419110255735  0.95200488583855525  0.96147930928177905
  0.97090869162788629  0.98039138571350248  0.99019305325797591  1.00000000000000000
 -0.00136912324588272  0.00621480366023834  0.01606471907843790  0.02608573746775446
  0.03658119009649039  0.04733480604021954  0.05832681553609196  0.07079796349906736
  0.08279370792383259  0.09327922358221646  0.10252054841144756  0.11072402427478696
  0.11879079080145458  0.12754358119549306  0.13681874438087160  0.14661584069222544
  0.15627604781509219  0.16569882425465701  0.17580674959369877  0.18697114759048492
  0.19856231110835285  0.20988661508396392  0.22105102451936998  0.23241172089626577
  0.24355608122741784  0.25415743297451976  0.26453801031725482  0.27447563026846244
  0.28394176148886108  0.29358591047185478  0.30363852168368466  0.31349004873481850
  0.32294936943784780  0.33290568808357429  0.34364926380066324  0.35479369610477390
  0.36584164198072955  0.37662307212587132  0.38716888249456954  0.39754994825470930
  0.40809728374384724  0.41923642311965270  0.43088302670146128  0.44251599781964063
  0.45389859824714185  0.46502334682022978  0.47617636413433478  0.48765593961225512
  0.49896625089745050  0.50978407308992135  0.52045768694013006  0.53124114230074537
  0.54195393570235073  0.55225109606900691  0.56220396051140431  0.57232148683627537
  0.58217832290555094  0.59215113051526524  0.60283995406799440  0.61437174255536386
  0.62630406988860476  0.63768923177055525  0.64839196262239607  0.65847884125655198
  0.66828382174225986  0.67821720626897808  0.68856277582340553  0.69926748825584450
  0.71064698282599792  0.72236085565690022  0.73422463917093239  0.74635124632513983
  0.75856882502150791  0.77062847047756067  0.78262545003818340  0.79397984619554018
  0.80438045510109801  0.81473044576907838  0.82517707470840040  0.83561037173164443
  0.84679881152869285  0.85787101429662305  0.86804050255541976  0.87832658493480420
  0.88933373662819681  0.90020552453639169  0.90968799684377877  0.91829689708027051
  0.92701491648158629  0.93752440899688061  0.94698541107064216  0.95455214833089808
  0.96422808421197559  0.97634722843165234  0.98781801945742953  1.00000000000000000
 -0.00276098768368748  0.01079670336590731  0.01968208515599375  0.02904068585689963
  0.03897559187885285  0.04866155365796285  0.05886101048076428  0.06894136027435392
  0.07744560504820559  0.08615956815599256  0.09575384891449563  0.10578871368851046
  0.11575619859579422  0.12545849085875665  0.13496182762203487  0.14447086319198280
  0.15418392590498603  0.16406086397787623  0.17438896065800530  0.18503940385119325
  0.19602479626935482  0.20669682408516826  0.21738834515484942  0.22763838600130834
  0.23674089456286049  0.24641524522306005  0.25627514144733521  0.26550833905791804
  0.27463785324677448  0.28401853596101523  0.29466913845427750  0.30675210179723261
  0.31893791908003272  0.33078309770519898  0.34199665110619204  0.35256791892385481
  0.36310150548786024  0.37361054947137412  0.38423581575515059  0.39609012906435204
  0.40872113037052576  0.42063608688199755  0.43097177232129003  0.44056791628568043
  0.45044532153862243  0.46136812528998239  0.47262772916267604  0.48402555359087723
  0.49631457670921275  0.50863286129021379  0.51988247981450819  0.52920031052018290
  0.53772766249742310  0.54736498780102005  0.55732911023849951  0.56644143902110256
  0.57531302274996088  0.58457616513688926  0.59533921112817634  0.60757605781401181
  0.62044409785563504  0.63292889768243588  0.64423309988495048  0.65457358684360312
  0.66478814615922688  0.67531965391865156  0.68601266379250347  0.69663338404284214
  0.70738146662608714  0.71848712781160673  0.72975280127027742  0.74082834045708768
  0.75192731309766458  0.76311989170412708  0.77455157332010949  0.78633560301910754
  0.79869835203874551  0.81104659446162186  0.82197051131255394  0.83367980645189133
  0.84347075052480014  0.85265643811793923  0.86165225136287993  0.87180290091000190
  0.88344791069583040  0.89464411883189821  0.90551834984943369  0.91649950608915687
  0.92796445248543880  0.93973483692044169  0.95052966003624761  0.96114676957823086
  0.97150878173813804  0.98154533951885747  0.99094957134278017  1.00000000000000000
 -0.00214170266833743  0.00862859290495741  0.01899397794790093  0.02948055422170167
  0.03973055340906481  0.05047473776631916  0.06178913415099603  0.07314436413672264
  0.08388328942016646  0.09480936998056347  0.10559546796193187  0.11583305666899235
  0.12586996888896632  0.13586254986535684  0.14656281665954160  0.15802994387264610
  0.16897161133087504  0.17980169938216020  0.19064800874294449  0.20146635355474923
  0.21231273512497575  0.22328048325850455  0.23437168069937755  0.24555637667473307
  0.25630490632163000  0.26656566833895956  0.27682984676149719  0.28762079691564996
  0.29869710207186373  0.30921009538114130  0.31881272883556688  0.32835469075389889
  0.33881255046975800  0.34914848613142063  0.35899870461912159  0.36899233509982610
  0.37957355068295417  0.38967708498637987  0.39924056871935176  0.40916722418909240
  0.41927973655405315  0.42763925650872020  0.43602876122809436  0.44578400270640012
  0.45583258089234979  0.46553132778461848  0.47466864820224614  0.48453779805062286
  0.49607942728886706  0.50775372240690697  0.51849604031554031  0.52859618643097028
  0.53808098963603623  0.54734535779172000  0.55707711824525119  0.56740813347520813
  0.57830555918401860  0.58961627371683822  0.60102542025498917  0.61193976932228034
  0.62219918604277913  0.63213166868091464  0.64234133641867630  0.65282504223060278
  0.66335947659569139  0.67346903606598008  0.68336946915998764  0.69341294445207990
  0.70341082629079821  0.71345750438944111  0.72368984758562294  0.73413452028551163
  0.74434775821767729  0.75377864800561889  0.76258370847406076  0.77191819174341425
  0.78194200116571710  0.79191038788178580  0.80214299611304107  0.81327894850493188
  0.82543612893016471  0.83788292719308588  0.85000542315745364  0.86142744950216377
  0.87211825169977986  0.88276592911115126  0.89388695489031544  0.90552043780956537
  0.91785568140588303  0.93075502711022884  0.94368228870730542  0.95618463733671932
  0.96773888969387067  0.97895477256623276  0.98956673265728745  1.00000000000000000
 -0.00249966983571258  0.00956579237059496  0.01955055659803604  0.02949806888293688
  0.03960342363533442  0.04888670439019420  0.06193880516973647  0.07396030542576157
  0.08636509179292877  0.09828009114135067  0.10942078242833925  0.11997741803258689
  0.13001366444155257  0.13975424469221140  0.14878178560965874  0.15809506566403478
  0.16810125030955500  0.17840882938439470  0.18859354003207252  0.19931193133416195
  0.21062995362494569  0.22204637742772987  0.23273003264970693  0.24274699314347042
  0.25336062957013594  0.26359311226004517  0.27413339063724285  0.28635817981296918
  0.29872478483815379  0.31098845517379980  0.32296105314638218  0.33432802087285074
  0.34538138239496036  0.35611956748360996  0.36652405541536076  0.37655157880213563
  0.38649103327783757  0.39693265734826166  0.40781209073158436  0.41858831521496692
  0.42768733814870247  0.43661424862382275  0.44614317105861956  0.45572557076386511
  0.46642115000821266  0.47702925157725512  0.48684269956135373  0.49690149847911158
  0.50707734610519029  0.51709520908552919  0.52675438295262866  0.53700300086028663
  0.54694205383981165  0.55761761347838401  0.56897355419198048  0.57987574030198497
  0.59055221921791201  0.60147412806739464  0.61155284993130088  0.62227784571696343
  0.63390396501392399  0.64575723621433134  0.65737175456424302  0.66857924709915639
  0.67923858849573493  0.68917150230163904  0.69864248319597133  0.70768438407680134
  0.71632708674253864  0.72570686440340959  0.73576545228882895  0.74655273655599141
  0.75829063456047063  0.77024917818551941  0.78155453311392953  0.79246817641801626
  0.80298957822436956  0.81313179187747209  0.82346012434925142  0.83409292782619626
  0.84506248379580695  0.85571847299657178  0.86531504332285791  0.87312983887706108
  0.88386360549195486  0.89476972901626806  0.90599454354860010  0.91752782566404267
  0.92960551630776700  0.93996067547998940  0.94899718882635087  0.95777658939985855
  0.96751008377330461  0.97850951876862213  0.98898800210240090  1.00000000000000000
 -0.00332125174411938  0.01120957734065739  0.02213053338096041  0.03159364883714585
  0.04083864251932833  0.05225468562852258  0.06307787222597580  0.07318646567482760
  0.08193928324594603  0.09172940328752104  0.10369472883167161  0.11369741059615844
  0.12389292889016930  0.13347022917735127  0.14307092421122330  0.15209398963590268
  0.16197016952954313  0.17311544811202045  0.18394792398960594  0.19373990886615802
  0.20370686349605638  0.21434629742480860  0.22553226981337215  0.23711560816412774
  0.24814735080003503  0.25851299303261777  0.26925986990978890  0.28078168522435915
  0.28998629819118349  0.29973563389989560  0.30928693801899337  0.31997890377453697
  0.33159293593844913  0.34262627034890464  0.35367219393770610  0.36466714082631624
  0.37582043698689038  0.38714576322021194  0.39821826883422068  0.40937330263819682
  0.42094417215925867  0.43300845405187183  0.44531079431087545  0.45745983660582756
  0.46925991510883108  0.48077853020875927  0.49216007038157450  0.50366503318718336
  0.51566025580676766  0.52811289106006698  0.54074228611164477  0.55248445566173743
  0.56384863103962213  0.57522093920678308  0.58517574142981943  0.59317827662276545
  0.60228645253679147  0.61144127441075069  0.62121699757027005  0.63115204496716104
  0.64038231456735117  0.64961750047357392  0.65935612317565717  0.66960791038090961
  0.68034451855813427  0.69103754284123897  0.70120753595403518  0.71166805230506447
  0.72274440458678135  0.73374302066529518  0.74474857953425933  0.75583759627757796
  0.76698721832481009  0.77840222818949123  0.78925393013590517  0.79890637906667972
  0.80857100357729250  0.81887704729826627  0.82871530822362582  0.83839366767569856
  0.84868155934118705  0.85958370176673260  0.87055340570270456  0.88128856442646064
  0.89151023693883957  0.90091916468171351  0.91011080529486754  0.91960822177448276
  0.92939426437527406  0.93939797748606046  0.94911687797338229  0.95729247943205886
  0.96585693585880017  0.97581543929013959  0.98625295632812937  1.00000000000000000
 -0.00239685844452184  0.00917288210547366  0.02041289371595728  0.03097815344491809
  0.04133190804123600  0.05191890332233644  0.06220633203458526  0.07295901289688467
  0.08377778849935542  0.09415731272995356  0.10519659675278255  0.11559554275207040
  0.12618087865994099  0.13588050192906811  0.14551806757750535  0.15440637171761143
  0.16394231423039413  0.17384168992480112  0.18453248617491563  0.19578922456323422
  0.20749243940063791  0.21729488678684825  0.22711200845700719  0.23696963919591643
  0.24650202522404982  0.25624043747758596  0.26583277648440895  0.27516399177020923
  0.28442318478432810  0.29445318668565806  0.30580872146840932  0.31785768791539548
  0.32964531292672028  0.34097782287930206  0.35235198251232847  0.36367728690842926
  0.37472695085250113  0.38536258991184574  0.39550974711685061  0.40541712145622955
  0.41547770804812240  0.42570065664886908  0.43566646668775183  0.44579393350071367
  0.45678774722957177  0.46838000847121486  0.48019672177286538  0.49190789685384401
  0.50280895261289560  0.51276031717792592  0.52173425098771165  0.53033021334595110
  0.53888456270232998  0.54759476656460881  0.55686192795018397  0.56649293038036341
  0.57609658225683058  0.58620114539598367  0.59571771708189136  0.60464806720489017
  0.61397686459621226  0.62483927781089044  0.63713260658772408  0.64816018056130154
  0.65875259099250250  0.66911742854312095  0.67926391615198056  0.68902711167915087
  0.69936333143046614  0.71099426403394761  0.72311906879386900  0.73483990094116181
  0.74608931516723831  0.75696462508422147  0.76780559464570408  0.77878996553711544
  0.78997136511520027  0.80110910361632670  0.81179868291981583  0.82221640154651299
  0.83274833619673727  0.84307340244071893  0.85337212358951409  0.86455771849500274
  0.87683252982437543  0.88990547137996157  0.90317342544399026  0.91626609882766508
  0.92919835229953229  0.94116623866012805  0.95311334803206949  0.96277146310065598
  0.97181953572157143  0.98126785739170019  0.99066069379186272  1.00000000000000000
 -0.00299314090487371  0.00962654319890856  0.02265010658405102  0.03498734646728961
  0.04636764794776052  0.05720031039178057  0.06778963428855637  0.07854435508107531
  0.08924860758073336  0.09917053479588903  0.10870121098881459  0.11850659994468149
  0.12853605129402315  0.13795462162095587  0.14766782628761554  0.15686044061528523
  0.16774588829216830  0.17863361596784560  0.18896738454012751  0.19948118269195578
  0.20997381059375092  0.22136669180530225  0.23185380545994294  0.24109475226608085
  0.25020732559226833  0.25890893032935147  0.26761411963149717  0.27639140091885206
  0.28562737208258127  0.29596509933056453  0.30655443255805503  0.31633254465520261
  0.32556299754413037  0.33506476461052181  0.34526548431202142  0.35660294904481199
  0.36865095560523986  0.38046276415829977  0.39156911126302302  0.40217124960425177
  0.41278899218571136  0.42368174740761877  0.43509063891094935  0.44643253120712961
  0.45682227298941730  0.46662057371120341  0.47663824426347651  0.48683152179553241
  0.49728444713264947  0.50754783903445966  0.51766082057704055  0.52711788462045428
  0.53571356221416322  0.54457991357418134  0.55331855504187499  0.56206135602467633
  0.57184957549887405  0.58371836526478260  0.59560316004778036  0.60666282689626494
  0.61775769988813900  0.62908638147024720  0.64017369708542537  0.65094398100971262
  0.66150001254298141  0.67200399126855870  0.68257229594449942  0.69328662914822770
  0.70418275429954713  0.71516993141170881  0.72637443693230908  0.73803610727617031
  0.75014768241927410  0.76258209123901621  0.77477213138521472  0.78602627351264120
  0.79696463253515037  0.80743125867324128  0.81710044215114652  0.82615979280175389
  0.83684526045930874  0.84850166940882799  0.86026037261128785  0.87066280602365143
  0.88006178873885366  0.89004257323983726  0.90078418596306309  0.91098024101784703
  0.92009094025759364  0.93020534878104355  0.94048649614328517  0.95081617639605731
  0.96210037557511741  0.97395432224963863  0.98618865353261864  1.00000000000000000
 -0.00231400239028470  0.00870636191056636  0.01924364105097485  0.02943752094330812
  0.04038197531845234  0.05153130192193967  0.06287935133005115  0.07442618130850540
  0.08567351022411436  0.09666536010847179  0.10745502881421917  0.11778483649220746
  0.12781552020597839  0.13817549924121478  0.14925308750300401  0.16110342074833467
  0.17330660574099854  0.18529638251425118  0.19692783070079750  0.20833882350692454
  0.21956863019326067  0.23058463923897063  0.24149107055310373  0.25257597359013795
  0.26364527975459112  0.27450842201971304  0.28580312267500885  0.29629920468053600
  0.30514771335978030  0.31531267659718293  0.32575984963182109  0.33581873498400022
  0.34531621482075675  0.35511539949824417  0.36474439205565240  0.37395055963864821
  0.38371771501348251  0.39453052632773766  0.40571510422604684  0.41675204894352064
  0.42771745704404834  0.43891244351143865  0.45045786971279644  0.46205234786945204
  0.47269402695423385  0.48221927667168635  0.49175460714859037  0.50112355741440795
  0.51045129042846837  0.52048560851968295  0.53081162817654781  0.54112289538513836
  0.55196236004381172  0.56346189886846587  0.57501467302216658  0.58562532311623716
  0.59545299525822970  0.60526800148607596  0.61548315893520222  0.62579417775922741
  0.63540589014446480  0.64444581782929700  0.65338983478547064  0.66230420561356307
  0.67136784464280508  0.67963811485688796  0.68797755193233567  0.69693302376419308
  0.70661608586259583  0.71740930515940282  0.72908717472856499  0.74098907990720386
  0.75290018848356910  0.76464305218927542  0.77682293140763292  0.78932710346963808
  0.80152801260294571  0.81315079657519251  0.82397837369208760  0.83418390668585651
  0.84395165396793614  0.85341429328601870  0.86302671825353805  0.87267542035835111
  0.88224721047106558  0.89195145847267221  0.90216253676871327  0.91253724121632895
  0.92272448913105554  0.93282395472390212  0.94308495685197191  0.95423037359452934
  0.96618989292670288  0.97765962987001909  0.98875542671195493  1.00000000000000000
 -0.00216143521697660  0.00896759505331554  0.01867764654147643  0.02871225432748009
  0.03808674032710443  0.04788860154271660  0.05681812534980719  0.06473193818598488
  0.07351157266226545  0.08340274448025606  0.09435945714430743  0.10567148950781786
  0.11656799637785838  0.12724322400996751  0.13798251395981320  0.14854851822775744
  0.15887371422812868  0.16940800590908789  0.17998502959777865  0.19073278382023609
  0.20155542512482846  0.21154687199637090  0.22055382012712760  0.22971326606530543
  0.23971208940984440  0.24959511576062976  0.25941869390963135  0.27050660664808929
  0.28242254312632115  0.29385575547631781  0.30484160459719262  0.31580044195731011
  0.32690185220125717  0.33783373063610472  0.34837796452840425  0.35928296622028322
  0.37116408931164413  0.38380022415844617  0.39644388144225418  0.40877036208875106
  0.42077493733433696  0.43287088685114217  0.44491401671831615  0.45672566125276243
  0.46728382993673540  0.47777420243802871  0.48873112017203713  0.49809092344255279
  0.50810813628909224  0.51732579504931853  0.52729135453555209  0.53830428127247654
  0.54958017643590018  0.56038447800541424  0.57018537334647779  0.58008810274286204
  0.59183250600157122  0.60291157686597097  0.61385825641373581  0.62338489824914567
  0.63262069271901844  0.64210463012605346  0.65223311707855747  0.66380871517111861
  0.67504148052734159  0.68653388865085274  0.69750784307176739  0.70878940157549930
  0.72098382650808679  0.73312925012962071  0.74438789556153862  0.75444790662655026
  0.76359457500265671  0.77364893000030821  0.78385371144776717  0.79376116059285085
  0.80293292154063145  0.81167244868038269  0.82066859067938802  0.83033933320572206
  0.84084979145030958  0.85150223972255090  0.86203503084429034  0.87219444141878300
  0.88223137046685762  0.89250891402021493  0.90316080435914403  0.91448386380422275
  0.92579486778619124  0.93684538496400083  0.94666763512785401  0.95668312534609024
  0.96700005248328780  0.97748991227379556  0.98666167495522661  1.00000000000000000
 -0.00196736156753888  0.00860539315413193  0.01596618335852271  0.02398159488134190
  0.03346031402346614  0.04325858749872033  0.05288739396381458  0.06238388197432690
  0.07207987491572146  0.08249167860236931  0.09334907915787312  0.10419813868089861
  0.11456064021739018  0.12448745612740647  0.13455415517844441  0.14505015847342972
  0.15589332622939706  0.16680835532357788  0.17754252563144754  0.18837533004530041
  0.19953832082019546  0.21063781228292286  0.22153736177649641  0.23286723905728451
  0.24458881235314944  0.25575722387146121  0.26584342452583976  0.27520659835350980
  0.28476387489635946  0.29468559126381294  0.30505697816806765  0.31608792194635454
  0.32765441616349139  0.33936385997432744  0.35053688646156828  0.36128650346011870
  0.37198667495496790  0.38237785892898296  0.39330680705845422  0.40490140167460487
  0.41661815528731705  0.42831729073719965  0.43983539030077984  0.45126071086241742
  0.46232367077291919  0.47315992525710404  0.48364092273591119  0.49357555492569577
  0.50404471272640405  0.51476121286258925  0.52476842896235187  0.53382399779513034
  0.54367852982620657  0.55298235907384674  0.56251349934964312  0.57181866787945934
  0.58123066674893098  0.59242253439954129  0.60596320370974210  0.61901342439901874
  0.63174190861221791  0.64421801606603879  0.65609936296553251  0.66691131029341766
  0.67682050367195035  0.68674480069043442  0.69745260401259623  0.70867319146953811
  0.72013067340981973  0.73129767218988873  0.74193639077575735  0.75209387702881259
  0.76224142888470470  0.77260099356977652  0.78323519030621092  0.79405603375659173
  0.80553640410592764  0.81727315332140249  0.82878752649873433  0.83990126518889263
  0.84980366591819589  0.85806409955156526  0.86594451714376885  0.87521042360288592
  0.88575351536259139  0.89534368769930117  0.90422224454486488  0.91364466787674770
  0.92362555945775704  0.93294849458673856  0.94166262063384587  0.95095580763740528
  0.96208081855419592  0.97451846515298479  0.98737380738773250  1.00000000000000000
 -0.00274132016612419  0.00964941244271583  0.02229809316749056  0.03404277087200727
  0.04555347583716612  0.05741900238947044  0.06942078516558210  0.08073456935259692
  0.09095331493268112  0.10034890899081214  0.10988652895067842  0.11976051921322563
  0.12922435767997345  0.13857047829192382  0.14862145724917408  0.15886232976777367
  0.16903509221972438  0.18031608579965211  0.19215536903648853  0.20350941592258751
  0.21475754625355331  0.22602326282677535  0.23724429968361638  0.24807810623398771
  0.25890276014328995  0.27018112824347706  0.28138438158481915  0.29165513493279221
  0.30055627018469366  0.30870136566858114  0.31694679181780472  0.32525340551356424
  0.33352710982118994  0.34273575339533019  0.35322070146938817  0.36474874820357833
  0.37633089459430558  0.38749268933704123  0.39814881657937173  0.40867562462938617
  0.41901051331692529  0.42942902979742659  0.43977803060620774  0.45000907076787389
  0.46042116524418708  0.47090519989594726  0.48162613316033592  0.49217086335231031
  0.50289391180979159  0.51380297672566289  0.52370609329997164  0.53388888332282269
  0.54441495473591905  0.55577867441261974  0.56695653701777127  0.57786440481473267
  0.58702465066003950  0.59602658490819038  0.60557834405441757  0.61509200008379394
  0.62434018814279768  0.63389904804966746  0.64332619187002338  0.65493563039866431
  0.66706116291534845  0.67926674486089111  0.69187765273653989  0.70374852744172411
  0.71302945117428773  0.72169007483709902  0.73026905156721900  0.73793524813876077
  0.74697177492618239  0.75683824808662936  0.76593025041159568  0.77584207587794807
  0.78648231171585747  0.79853685113796147  0.81066008231189512  0.82193590916519355
  0.83376202752494832  0.84541720991044211  0.85690247092810135  0.86800467115755786
  0.87869330363453213  0.88901765960368384  0.89938787100299744  0.91007429857428157
  0.92115464027255289  0.93274546110844048  0.94477789974417858  0.95762356179875829
  0.96921915020998128  0.97996123212670261  0.99050304187329286  1.00000000000000000
 -0.00173941761921818  0.00780441910984594  0.01735315034284458  0.02686121051453464
  0.03646730503346922  0.04608064539785417  0.05538875283364694  0.06533277097161114
  0.07653212941808192  0.08848625514564266  0.10056003927147886  0.11280826271560607
  0.12518865690994657  0.13791551686006912  0.15077308932496958  0.16344186699968152
  0.17549834217501767  0.18633591100688796  0.19555282108878991  0.20417208565321263
  0.21335356348263557  0.22366720068419543  0.23416253700454018  0.24399704699804045
  0.25343157571262259  0.26251808049301445  0.27162920431288956  0.28056741530821294
  0.28951822868324001  0.30061177739547573  0.31096731477671846  0.32073977805031023
  0.33079971403324038  0.34074016269544505  0.35075136084469988  0.36116002282960191
  0.37075024798016665  0.37977671589421252  0.38938805527988279  0.39992026988188351
  0.41087188742373482  0.42181329587192862  0.43250105644222780  0.44335870117192511
  0.45444299357403301  0.46548107357508223  0.47621631304360346  0.48655318448072871
  0.49684793313835601  0.50724004588197091  0.51781619761188036  0.52883545540229659
  0.54002338361571933  0.55083484285697781  0.56126000595632231  0.57180168164874323
  0.58308499460907282  0.59488337251240353  0.60643161426265224  0.61812584762951583
  0.63078881482938820  0.64379650846776304  0.65647397508179750  0.66857166891762065
  0.68015926536741844  0.69176091911812154  0.70333825061565514  0.71471308951125423
  0.72617562983299988  0.73710326180386132  0.74776941668198860  0.75862284058344975
  0.76950473852001344  0.78025597118242573  0.78990794738861392  0.79834640422469960
  0.80703799090634443  0.81655249933273777  0.82699001449947240  0.83689569184144441
  0.84509176676397824  0.85481352973399327  0.86533570276289395  0.87637614879090042
  0.88603293090890367  0.89524572260815727  0.90403923537174091  0.91350464089944972
  0.92380862059461100  0.93438861467900225  0.94508243217247911  0.95592390510313963
  0.96699339340317114  0.97837100297978696  0.98894285395058057  1.00000000000000000
 -0.00239013233602972  0.00903398902236789  0.02105074870376511  0.03057903343659830
  0.04000190161515108  0.04876054488023070  0.05929112729243812  0.06956456841061925
  0.07947772068734783  0.08935995295908818  0.09968951472269133  0.10987458654925263
  0.12102619284527957  0.13229924347635949  0.14349839939520964  0.15467722722003832
  0.16603745710008014  0.17703839120224443  0.18769378808628240  0.19886058265188356
  0.21066720661463048  0.22298621910967131  0.23523436950593873  0.24728209545289034
  0.25925658433263304  0.27123301008175987  0.28290292482618212  0.29365770991803447
  0.30323543390332758  0.31229425829635349  0.32142073833741469  0.33057427462669647
  0.34048055673250011  0.34983807061175975  0.35964958781057987  0.37072326320615812
  0.38226488231594735  0.39345113971357365  0.40375435702747586  0.41339566482515477
  0.42310041887595434  0.43327343479568248  0.44388214097486939  0.45499147070866114
  0.46631041562479852  0.47694496290838395  0.48631984722473720  0.49506942730925119
  0.50363207210447136  0.51214825055659230  0.52130231892512413  0.52996452954899942
  0.53862708820832739  0.54879447681603599  0.56002484387629015  0.57090221720033274
  0.58171187281239956  0.59316924365537671  0.60543996190793825  0.61758800428846872
  0.62886767799636056  0.63983649996683001  0.65123910175494204  0.66225931762849721
  0.67251654071563727  0.68290935751836623  0.69330807771411440  0.70306648226369961
  0.71259836205106675  0.72255714332853327  0.73333465998487180  0.74435723547769950
  0.75609601650341030  0.76515248457042540  0.77546841937724098  0.78464143529579533
  0.79456011305805296  0.80449295731439496  0.81559951332134673  0.82756547625393184
  0.83686248560949028  0.84589798592427912  0.85488056451414418  0.86494653060464577
  0.87499787528268247  0.88503337017770178  0.89600090564209267  0.90783706357268723
  0.92012247666839275  0.93238086178621138  0.94354513165422793  0.95466925733750285
  0.96553201754977458  0.97570252878428265  0.98661722486481018  1.00000000000000000
  0.00857661237635833  0.01865068879855514  0.03026871205631415  0.04226967302317845
  0.05413736188623796  0.06538558138264612  0.07666662070075786  0.08723337296348689
  0.09826928668456526  0.11078453544285334  0.12391225760380839  0.13657071390725714
  0.14817633289194615  0.15868692045613064  0.16865441454093602  0.17879451625095075
  0.18911590347300822  0.19870337255976619  0.20752003353429913  0.21726038082885071
  0.22752149832615143  0.23655975954092176  0.24482823866351816  0.25339557952169950
  0.26381372503209616  0.27429322285742425  0.28384956872966211  0.29395856706324808
  0.30444094062764160  0.31520964345251851  0.32618105778540246  0.33622451334510212
  0.34486733263970537  0.35331858313935699  0.36222186902987241  0.37089721880602039
  0.38052873684185884  0.39033170604825512  0.40002257553371900  0.41035552476014581
  0.42098745404243715  0.43172398907004766  0.44269486369128658  0.45421846937906230
  0.46600949649020867  0.47767112308435938  0.48964122885775185  0.50245188213883152
  0.51469330815191017  0.52636151671807596  0.53802836476158933  0.54960056632297360
  0.56106411559664837  0.57267843794513962  0.58334829864593185  0.59283899252192640
  0.60200916237427571  0.61086944058415149  0.61947567832167416  0.62820576626266500
  0.63710145188881029  0.64431044119687420  0.65251550791879109  0.66287008530795755
  0.67420924051082332  0.68565406851535371  0.69699234166814872  0.70833200587958001
  0.71945963207378449  0.73020802453472577  0.74106064154150686  0.75203598428499274
  0.76331802458351350  0.77518551800866198  0.78737747734772590  0.79898627695862401
  0.81003518547643227  0.82086554466759731  0.83137388667506906  0.84166591462786067
  0.85249049143988220  0.86391918195434281  0.87521127548805810  0.88550955704255352
  0.89515793919087383  0.90529168718424136  0.91497740120834314  0.92405410636505614
  0.93324538966108572  0.94314700958527498  0.95341328221164368  0.96384940404750041
  0.97315375397053594  0.98441261674425817  0.99069031827398124  1.00000000000000000
 -0.04316058616474944  0.18330023468262574  0.22802175545198164  0.25502549286392018
  0.27465137689307106  0.28982062157075711  0.30269344879415477  0.31384122627230199
  0.32367674031940125  0.33246979199071297  0.34056510510769772  0.34811834868206970
  0.35542072096815736  0.36284611904632319  0.36958151730966216  0.37548609649843456
  0.38123065893756924  0.38675747656086562  0.39205868229094265  0.39704345154918391
  0.40197433011004163  0.40684596435662029  0.41182600396594238  0.41698913086812361
  0.42144464170252977  0.42564306354345721  0.42974365492967781  0.43378312020789417
  0.43780323352352107  0.44177390134064354  0.44558678067131241  0.44920388049439725
  0.45275513096688563  0.45635590305538881  0.46003563650725282  0.46375210800798500
  0.46734030364456658  0.47073571444344808  0.47408876348498930  0.47740876817396544
  0.48063449026194055  0.48387635260934697  0.48725738379191630  0.49072419926127581
  0.49411687325909071  0.49751483624060072  0.50111044787814119  0.50490777378672247
  0.50882375923713286  0.51275447288267917  0.51654459858610702  0.52019540848442591
  0.52382892211687204  0.52747659311356210  0.53119671154832937  0.53503861922272422
  0.53814883871552888  0.54123159344319305  0.54432238858615045  0.54723996463039937
  0.55044470218321206  0.55430280631627948  0.55836792474536689  0.56213788878417470
  0.56586819184171644  0.56957627829916657  0.57357709941643287  0.57767281449762786
  0.58172311942567279  0.58591612366718293  0.59024705025177127  0.59437876268566037
  0.59856871957320035  0.60282158470503977  0.60684578181337456  0.61099845095494809
  0.61539794988910224  0.61993199834350798  0.62475632945512316  0.62966456884327660
  0.63458540733000912  0.63993208279514402  0.64615894493114934  0.65231415814776239
  0.65812673063659222  0.66494600131059134  0.67332376063833432  0.68241391184933398
  0.69176285707043839  0.70171199076005419  0.71265131296794715  0.72552136712363513
  0.74377176434969461  0.76675907830793766  0.80579884139290525  1.00000000000000000
   2.1542533829062545E-010  -1.0000000000000000     
 T F F F F F F F F F F F F F F F F F F F F F F F F F F F F F F F F F F F F F F F F F F F F F F F F F F F F F F F F F F F F F F F F F F F F F F F F F F F F F F F F F F F F F F F F F F F F F F F F F F F F F F F F F F F F F F F F F F F F F F F F F F F F F F F F F F F F F F F F F F F F F F F F F F F F F F F F F F F F F F F F F F F F F F F F F F F F F F F F F F F F F F F F F F F F F F F F F F F F F F F F F F F F F F F F F F F F F F F F F F F F F F F F F F F F F F F F F F F F F F F F F F F F F F F F F F F F F F F F F F F F F F F F F F F F F F F F F F F F F F F F F F F F F F F F F F F F F F F F F F F F F F F F F F F F F F F F F F F F F F F F F F F F F F F F F F F F F F F F F F F F F F F F F F F F F F F F F F F F F F F F F F F F F F F F F F F F F F F F F F F F F F F F F F F F F F F F F F F F F F F F F F F F F F F F F F F F F F F F F F F F F F F F F F F F F F F F F F F F F F F F F F F F F F F F F F F F F F F F F F F F F F F F F F F F F F F F F F F F F F F F F F F F F F F F F F F F F F F F F F F F F F F F F F F F F F F F F F F F F F F F F F F F F F F F F F F F F F F F F F F F F F F F F F F F F F F F F F F F F F F F F F F F F F F F F F F F F F F F F F F F F F F F F F F F F F F F F F F F F F F F F F F F F F F F F F F F F F F F F F F F F F F F F F F F F F F F F F F F F F F F F F F F F F F F F F F F F F F F F F F F F F F F F F F F F F F F F F F F F F F F F F F F F F F F F F F F F F F F F F F F F F F F F F F F F F F F F F F F F F F F F F F F F F F F F F F F F F F F F F F F F F F F F F F F F F F F F F F F F F F F F F F F F F F T F F F F F F F F F F F F F F F F F F F F F F F F F F F F F F F F F F F F F F F F F F F F F F F F F F F F F F F F F F F F F F F F F F F F F F F F F F F F F F F F F F F F F F F F F F F F F F F F F F F F F F F F F F F F F F F F F F F F F F F F F F F F F F F F F F F F F F F F F F F F F F F F F F F F F F F F F F F F F F F F F F F F F F F F F F F F F F F F F F F F F F F F F F F F F F F F F F F F F F F F F F F F F F F F F F F F F F F F F F F F F F F F F F F F F F F F F F F F F F F F F F F F F F F F F F F F F F F F F F F F F F F F F F F F F F F F F F F F F F F F F F F F F F F F F F F F F F F F F F F F F F F F F F F F F F F F F F F F F F F F F F F F F F F F F F F F F F F F F F F F F F F F F F F F F F F F F F F F F F F F F F F F F F F F F F F F F F F F F F F F F F F F F F F F F F F F F F F F F F F F F F F F F F F F F F F F F F F F F F F F F F F F F F F F F F F F F F F F F F F F F F F F F F F F F F F F F F F F F F F F F F F F F F F F F F F F F F F F F F F F F F F F F F F F F F F F F F F F F F F F F F F F F F F F F F F F F F F F F F F F F F F F F F F F F F F F F F F F F F F F F F F F F F F F F F F F F F F F F F F F F F F F F F F F F F F F F F F F F F F F F F F F F F F F F F F F F F F F F F F F F F F F F F F F F F F F F F F F F F F F F F F F F F F F F F F F F F F F F F F F F F F F F F F F F F F F F F F F F F F F F F F F F F F F F F F F F F F F F F F F F F F F F F F F F F F F F F F F F F F F F F F F F F F F F F F F F F F F F F F F F F F F F F F F F F F F F F F F F F F F F F F F F F F F F F F F F F F F F F F F F F F F F F F F F F F F F F F F F F F F F F F F F F F F F F F F F F F F F F F F F F F F F F F F F F F F F F F F F F F F F F F F F F F F F F F F F F F F F F F F F F F F F F F F F F F F F F F F F F F F F F F F F F F F F F F F F F F F F F F F F F F F F F F F F F F F F F F F F F F F F F F F F F F F F F F F F F F F F F F F F F F F F F F F F F F F F F F F F F F F F F F F F F F F F F F F F F F F F F F F F F F F F F F F F F F F F F F F F F F F F F F F F F F F F F F F F F F F F F F F F F F F F F F F F F F F F F F F F F F F F F F F F F F F F F F F F F F F F F F F F F F F F F F F F F F F F F F F F F F F F F F F F F F F F F F F F F F F F F F F F F F F F F F F F F F F F F F F F F F F F F F F F F F F F F F F F F F F F F F F F F F F F F F F F F F F F F F F F F F F F F F F F F F F F F F F F F F F F F F F F F F F F F F F F F F F F F F F F F F F F F F F F F F F F F F F F F F F F F F F F F F F F F F F F F F F F F F F F F F F F F F F F F F F F F F F F F F F F F F F F F F F F F F F F F F F F F F F F F F F F F F F F F F F F F F F F F F F F F F
  <DiscreteSampler_grid>
  grouped_processes
  1 # 1 for a reference and 2 for a running grid.
  10 # Attribute 'min_bin_probing_points' of the grid.
  1 # Attribute 'grid_mode' of the grid. 1=='default',2=='initialization'
  0.0000000000000000 # Attribute 'small_contrib_threshold' of the grid.
  0.5000000000000000 # Attribute 'damping_power' of the grid.
 # binID   n_entries weight   weight_sqr   abs_weight
    37   10   1.492285854388097E+012   1.074293808679001E+025   1.492285854388097E+012
    40   10   1.594901266979543E+011   1.227118869687675E+023   1.594901266979543E+011
    43   10   1.594901266979609E+011   1.227118869687763E+023   1.594901266979609E+011
    46   10   8.522864583662715E+009   3.504210645585099E+020   8.522864583662715E+009
    49   10   4.261432291831312E+009   8.760526613962568E+019   4.261432291831312E+009
    52   10   8.522864583662981E+009   3.504210645585279E+020   8.522864583662981E+009
    55   10   4.554465045288796E+008   1.000676670529649E+018   4.554465045288796E+008
    58   10   4.261432291831480E+009   8.760526613963189E+019   4.261432291831480E+009
    61   10   4.554465045288789E+008   1.000676670529649E+018   4.554465045288789E+008
    64   10   1.216911969276122E+007   7.143932687122346E+014   1.216911969276122E+007
  </DiscreteSampler_grid>
