  0.00000009987675594  0.00000033544593362  0.00000049282101292  0.00000063166157338
  0.00000076921619279  0.00000090098882551  0.00000102887542564  0.00000115020885992
  0.00000126795037886  0.00000140360845705  0.00000154608488885  0.00000169083658834
  0.00000183744087140  0.00000197900527356  0.00000211398895844  0.00000225139081680
  0.00000239556166016  0.00000253997514925  0.00000268154357621  0.00000282368360550
  0.00000296154037741  0.00000310012881788  0.00000324724640171  0.00000339747184454
  0.00000353801813303  0.00000367410655242  0.00000380840900042  0.00000394860736045
  0.00000409176915572  0.00000423136807144  0.00000437592864049  0.00000452344418825
  0.00000467010092179  0.00000481527009595  0.00000495891832210  0.00000510145293181
  0.00000524502494358  0.00000538777824648  0.00000552929431020  0.00000567003459898
  0.00000580715452990  0.00000593692331187  0.00000606080836574  0.00000618412525992
  0.00000630454440483  0.00000642686850178  0.00000655602393910  0.00000668863359027
  0.00000682601081031  0.00000697152440485  0.00000711934440369  0.00000725790756316
  0.00000738652315354  0.00000750899611144  0.00000762756826617  0.00000775811531929
  0.00000790001040561  0.00000804876315043  0.00000819209866941  0.00000833137543193
  0.00000846983089048  0.00000861109743558  0.00000875898949046  0.00000890775649420
  0.00000905184537459  0.00000919113754392  0.00000932866804497  0.00000948034775180
  0.00000965253536538  0.00000983180777845  0.00001000539441023  0.00001017907434071
  0.00001036195260854  0.00001055010475245  0.00001074364094706  0.00001094236097091
  0.00001114687508976  0.00001135936485595  0.00001158926307667  0.00001185163330333
  0.00001210251392139  0.00001235872237717  0.00001260787766607  0.00001286320703738
  0.00001314371158857  0.00001343458596853  0.00001369745856792  0.00001395463803022
  0.00001424472628574  0.00001456844721519  0.00001490318265662  0.00001523418611102
  0.00001553536557502  0.00001579814773671  0.00001610625954629  1.00000000000000000
  0.02510303133681760  0.02890742457647730  0.03406746179104143  0.03958761032156616
  0.04634207639812875  0.05333958224688172  0.06095071228164929  0.06870227384978506
  0.07650874023709830  0.08475363153205347  0.09323599130004179  0.10177605465834098
  0.11028699388661115  0.11867773435933821  0.12735064510632091  0.13580051271410878
  0.14407534258643689  0.15285204648022246  0.16160026128845967  0.17075574977909685
  0.18084703469152205  0.19072826936942633  0.19994141632114543  0.20939914254083050
  0.21891835465374154  0.22800661901584304  0.23688240792341958  0.24577077705618630
  0.25478299777153102  0.26401382729085560  0.27348177459810186  0.28276310792157672
  0.29199276588724898  0.30166688998746682  0.31179718605110390  0.32254991105761927
  0.33345706635972472  0.34387413017604895  0.35432093541271337  0.36505490871483331
  0.37587881763723668  0.38691516911169188  0.39833914367918283  0.40989336629197548
  0.42131792855628392  0.43213712277584065  0.44190345545270865  0.45146664680522330
  0.46136551832997574  0.47178251758917128  0.48192887501658127  0.49207890952503691
  0.50213376715178248  0.51193810276375151  0.52153903077023156  0.53178481411838074
  0.54234767075236712  0.55176310276289908  0.56076502784538818  0.56984205895523155
  0.57903547677064848  0.58856200172247863  0.59754060893679339  0.60621468412524837
  0.61561132063700785  0.62574963560041674  0.63651420258987079  0.64763566360855629
  0.65902111233412197  0.67005227946572843  0.68038107937050918  0.69055527251367976
  0.70110247772324441  0.71224557698924140  0.72382988473768084  0.73565516179111479
  0.74754174363603654  0.75930021345511356  0.77033816522721776  0.78112405756230063
  0.79223857526274322  0.80509333220629498  0.81831335165778529  0.83074687836550909
  0.84263251724276944  0.85449014505211318  0.86602480466384835  0.87744829043850736
  0.88894349990229704  0.90060875833910270  0.91162605287824316  0.92469152116718289
  0.93906145030908039  0.95703096675580757  0.97309322046007496  1.00000000000000000
  0.00926305020061678  0.01682666554655105  0.02715598865122599  0.03700054655007317
  0.04706003829504132  0.05734753350177696  0.06834172472277660  0.07952876942833501
  0.09082127365978303  0.10164158848393107  0.11207891343323007  0.12238684659520044
  0.13269299479332169  0.14322657951765755  0.15425009887586569  0.16562238832603607
  0.17693952549333497  0.18776341717101050  0.19837717770168264  0.20912725090424628
  0.22022314523007866  0.23111722715822042  0.24101352317585800  0.25108074516808593
  0.26134148934210205  0.27213288738275543  0.28339266365510851  0.29482480708874587
  0.30655382364810674  0.31802547869192566  0.32858091243818954  0.33960264044723382
  0.35136079834716588  0.36321250375239117  0.37485510650182235  0.38615954693693427
  0.39674100377288196  0.40667069973058589  0.41647366973677602  0.42638209488579520
  0.43652328055278294  0.44695214753729678  0.45764034756424277  0.46823344742774137
  0.47844013955307901  0.48844732702911525  0.49839270495953947  0.50791978075857702
  0.51672101378941770  0.52514272693477704  0.53356407314450760  0.54380454003273404
  0.55544230760989666  0.56698006676387136  0.57829812441510420  0.58939904250794695
  0.60043346618542381  0.61090152489203553  0.62142287868687207  0.63226331179209971
  0.64323742956134300  0.65389130843031040  0.66444980892510486  0.67536839150673167
  0.68586567117142394  0.69548591167170304  0.70439552598300847  0.71284696208829335
  0.72126229651386642  0.73030362299007734  0.73952400008264751  0.74842902229572250
  0.75776853552498746  0.76657726405818960  0.77702934259754519  0.78791629080352799
  0.79833686053114072  0.80905693005401669  0.82003814294561050  0.83075636410711107
  0.84095150594343637  0.85162773250147072  0.86321069457516597  0.87421939880386679
  0.88353046803296464  0.89244918229836045  0.90175255849270641  0.91187218984224905
  0.92207623785630655  0.93214135836913736  0.94154031431587804  0.95313139073803299
  0.96386574715252149  0.97453813557525648  0.98656548624373852  1.00000000000000000
 -0.00000000625889631  0.00000005628752842  0.00000015030408673  0.00000026571140843
  0.00000039155137187  0.00000052559134318  0.00000066246773533  0.00000080399137010
  0.00000094495100088  0.00000108220018440  0.00000121532605506  0.00000135235865104
  0.00000149238369125  0.00000163827292356  0.00000178606218249  0.00000194478241224
  0.00000210759739098  0.00000226219758909  0.00000241151184766  0.00000256511684194
  0.00000272909994256  0.00000289778921045  0.00000306147084340  0.00000321825912456
  0.00000336301439111  0.00000350445737833  0.00000364852056104  0.00000378730653976
  0.00000392306411050  0.00000406125438999  0.00000419255444810  0.00000432142337613
  0.00000446482150272  0.00000461224250032  0.00000476528339431  0.00000492029836368
  0.00000507699053618  0.00000523039730780  0.00000537933241059  0.00000553055880968
  0.00000568408010598  0.00000583915423799  0.00000599753094928  0.00000615470584424
  0.00000631006795963  0.00000646536966757  0.00000662021470383  0.00000677455819601
  0.00000692701032705  0.00000707864444128  0.00000723236394201  0.00000738224974373
  0.00000753204959566  0.00000768828521483  0.00000785177826851  0.00000801564648011
  0.00000817425983613  0.00000832357889635  0.00000848014961592  0.00000864234102803
  0.00000880562601417  0.00000896737555747  0.00000913023346554  0.00000930242985191
  0.00000947512463715  0.00000965012350128  0.00000982984756891  0.00001000441115127
  0.00001018007717835  0.00001035548872217  0.00001052696948719  0.00001070780411223
  0.00001090371279814  0.00001111738122207  0.00001134670884425  0.00001159297638531
  0.00001184249119047  0.00001209403605150  0.00001235774604671  0.00001261468773841
  0.00001286235147808  0.00001311209498014  0.00001336859844299  0.00001362725814063
  0.00001390196830045  0.00001421682747619  0.00001449473116873  0.00001478134091308
  0.00001501742823076  0.00001522604825003  0.00001544885596702  0.00001569960847959
  0.00001592628920220  0.00001609805480816  0.00001623816682374  1.00000000000000000
  0.02523933414493090  0.02885552804430574  0.03359007372294085  0.03912011133716114
  0.04504226241504649  0.05157944618140130  0.05853270924724224  0.06623717279778912
  0.07420535722705335  0.08236014506761691  0.09054756622398874  0.09859590804975055
  0.10669530100040325  0.11469821194969282  0.12253961080048666  0.13120597361075187
  0.14025426644572628  0.14998722301489853  0.15981169953801053  0.16875419953209281
  0.17733967318386865  0.18618476281333926  0.19532334023296682  0.20494354370401693
  0.21477455573742033  0.22478258396888051  0.23436886698408041  0.24338460366638273
  0.25242881462756411  0.26158570398342906  0.27125811761378910  0.28157317236885104
  0.29242285830882325  0.30328326165182218  0.31354014006231568  0.32333124713479167
  0.33314027644882244  0.34330880527316432  0.35271323182871317  0.36189238343571967
  0.37113745100537482  0.38084695406040103  0.39013976850235371  0.39968898383697232
  0.40966788519612463  0.41973331246499529  0.43026231131411846  0.44009781803560072
  0.44914151524029228  0.45840003889631881  0.46745322791618482  0.47637124154418675
  0.48528351683474358  0.49412210074619045  0.50422145454278811  0.51589639935503506
  0.52820510717506819  0.54025439676083586  0.55139458656630258  0.56174958862261393
  0.57215212995765974  0.58306728117083384  0.59421599247524237  0.60556401608706545
  0.61680429524888269  0.62770786325762562  0.63837739246864855  0.64919689380850432
  0.65982698635167369  0.67058454984342963  0.68152512529322506  0.69281714741486800
  0.70392910146459498  0.71537131972796020  0.72658093000596569  0.73727354397837352
  0.74772797954092884  0.75843409706903375  0.76894207487961963  0.77971490715472758
  0.79031594424939133  0.80154517462722030  0.81341731456293065  0.82523112971779500
  0.83695900205239970  0.84906805840934652  0.86154567017622674  0.87484524326083879
  0.88853094465748117  0.90212542855109290  0.91519910901898405  0.92895409848505794
  0.94347459336150352  0.95943180593953692  0.97209994758624507  1.00000000000000000
  0.00801472873055436  0.01965303087126705  0.03236439202909108  0.04399960056389894
  0.05482367902776540  0.06493295411926314  0.07446115057996039  0.08400300367333920
  0.09429264900706366  0.10558628334977274  0.11702891577973763  0.12833770494569535
  0.13906112800400700  0.14866876409434035  0.15757603102991224  0.16659860887678787
  0.17641362963196983  0.18633494643959764  0.19587046711870329  0.20451219221715580
  0.21269046958445442  0.22135514648056667  0.23113027380067097  0.24194893285471242
  0.25281354267734024  0.26355913172798801  0.27416534867766429  0.28432120229554719
  0.29421164826214896  0.30464808552289863  0.31618271508794732  0.32860189607207457
  0.34010627425045603  0.35082895453446838  0.36169887065332212  0.37228851655490808
  0.38340851132504300  0.39393867456715220  0.40485856023875477  0.41481496760065451
  0.42488535980150260  0.43556399555006181  0.44561289539941307  0.45632648280970389
  0.46804369179929312  0.48034758704439429  0.49175504293483213  0.50196179585917322
  0.51186595786095268  0.52196512815141882  0.53196305856226145  0.54269114931315254
  0.55366513602227740  0.56441440054379910  0.57574866746062558  0.58644810364631383
  0.59640622081014316  0.60584680808851921  0.61605057576189248  0.62629520208727774
  0.63685450433346258  0.64751086283749026  0.65685431173449427  0.66552591720944165
  0.67387467867293027  0.68222855396377147  0.69177739835596042  0.70247066230704258
  0.71339564774844832  0.72485416352368925  0.73638887058743085  0.74798237960274383
  0.75946552257866851  0.77053106954864170  0.78132358439030614  0.79194323995068261
  0.80249768880786365  0.81307819181122698  0.82337250226590142  0.83241630790358234
  0.84154669550423411  0.85101275275642685  0.86134222226095980  0.87152521947970585
  0.88102936647917407  0.89056969863105029  0.90025713643936989  0.91015843465400659
  0.92053406711072527  0.93163047120823639  0.94277844325286864  0.95338617766224865
  0.96441397468832546  0.97587001881289637  0.98759668191863548  1.00000000000000000
 -0.00190878078617650  0.00851934563262444  0.01870472722413212  0.02918144637970154
  0.04007783108807714  0.05163796447348474  0.06280744728976612  0.07349291162115254
  0.08378690922817449  0.09364305185732136  0.10234308514888552  0.11063842822526175
  0.11900879983121126  0.12841398388776659  0.13883344208932946  0.14982795284302339
  0.16107158650601325  0.17216936548612680  0.18279323443179613  0.19308819431870081
  0.20332860711353706  0.21392100279434514  0.22500583372852612  0.23631473835002162
  0.24705539999382037  0.25695271111892126  0.26667366700223466  0.27701010808153281
  0.28792110099362600  0.29856168958402940  0.30904585381625993  0.31948130261222435
  0.33039188427828753  0.34187895866370993  0.35377223028647742  0.36560471048743248
  0.37723115765642917  0.38841572598281288  0.39904303205213354  0.40873444340654885
  0.41787469340797545  0.42730784792119564  0.43628659242834117  0.44559759756669653
  0.45513175569540842  0.46526898022237789  0.47593816642516107  0.48623474400378475
  0.49719363138886036  0.50821572278843896  0.51951384166602255  0.53065464728179157
  0.54142778921632628  0.55213005549814054  0.56240303278012227  0.57291438634486502
  0.58292640438402576  0.59400760861864477  0.60415164310935077  0.61554018186447823
  0.62610587964035247  0.63708676633957073  0.64730522945098734  0.65720799054439616
  0.66693073195066976  0.67681343240376524  0.68742664792793806  0.69829758048893431
  0.70894989749811665  0.71885408024485153  0.72776259313750769  0.73597002768155428
  0.74428543153670979  0.75350795699664674  0.76364681836240944  0.77428640087009748
  0.78509007869975456  0.79559343511521485  0.80583635847264334  0.81618827480350364
  0.82679404280759650  0.83750616060396399  0.84820301823083166  0.85884718922974468
  0.86949347616149675  0.88014390846366974  0.89081648781924172  0.90198205325045788
  0.91349418593212350  0.92486056781518433  0.93683712695110022  0.94933042077201579
  0.96213527170662372  0.97519099862845171  0.98817252905521147  1.00000000000000000
 -0.00287519314628395  0.01009391246983791  0.02127014623722209  0.03164618184115064
  0.04194540162236437  0.05246906467726625  0.06296460312335095  0.07419550639490213
  0.08500854428302219  0.09475685839508931  0.10491359798470153  0.11320355884986164
  0.12195388388977145  0.13104748775187022  0.14033450129061331  0.14976435475721711
  0.16181008483208986  0.17274449206692069  0.18349565427576933  0.19425021335876272
  0.20559185473891886  0.21752683316671115  0.22947591445815979  0.24107470640891748
  0.25192982209028603  0.26223102178380703  0.27232640595174401  0.28278550782611556
  0.29260533507335351  0.30173051387473976  0.31094603770770263  0.32115177360303138
  0.33244744458710418  0.34355537893655025  0.35461154373225284  0.36576594752734892
  0.37737214872243374  0.38918811512779883  0.40132472291669685  0.41308665377112802
  0.42368172495637380  0.43385964050422443  0.44467143750901894  0.45592878133930875
  0.46686461869982832  0.47736622183949384  0.48772604303194339  0.49801727057120759
  0.50835169039854911  0.51889288618931573  0.52985806064422203  0.54172249433465514
  0.55258988915606255  0.56328325912309707  0.57343336125505728  0.58298564789144725
  0.59200229473051280  0.60052875950687279  0.61058017749465909  0.62173377998341817
  0.63255580738975536  0.64329709990713957  0.65339356191932374  0.66286942913738545
  0.67237601692648064  0.68194917245218489  0.69206403129296246  0.70164253495998197
  0.71095483392507342  0.72058482582070671  0.73082483206932525  0.74126164261286387
  0.75098123124065863  0.76112785757844315  0.77131617052325130  0.78100082403195825
  0.79137522277436700  0.80298736344746735  0.81517728799755818  0.82680724814509288
  0.83766516323721374  0.84839594346492631  0.85953095735921803  0.86970082703420193
  0.87959434907153811  0.88903896323877463  0.89867479874038902  0.90926329549143903
  0.92041397998792507  0.93267409809680479  0.94482013437963730  0.95691839196000850
  0.96860127810037389  0.97957045157123734  0.98999410616941608  1.00000000000000000
 -0.00227596423705819  0.00941538069431243  0.01953528181625159  0.03091582666897302
  0.04232644651956909  0.05337967807493391  0.06449358612767062  0.07573204400163699
  0.08707048451558307  0.09746641039549372  0.10597866555803620  0.11358401582227826
  0.12138409780954557  0.13049341149915841  0.14122806887143718  0.15202277964833680
  0.16271891854999387  0.17309368045375978  0.18314951968111820  0.19342817722652103
  0.20357173317582264  0.21325761389058198  0.22321406799702520  0.23413166874062072
  0.24619831897981975  0.25841127323698498  0.27002544428140440  0.28083388085126615
  0.29112220472603667  0.30155799943454598  0.31219206456983356  0.32312543085829276
  0.33415923383873658  0.34513539068225796  0.35566111941032408  0.36602753185945675
  0.37592331014088542  0.38582900343803217  0.39559580094063551  0.40578901923982952
  0.41647741099094943  0.42738458217028069  0.43834855623570612  0.44949360582353148
  0.46069119358444771  0.47172456464792928  0.48288298458208861  0.49429205390470288
  0.50576090882217850  0.51701571707531235  0.52783663213698717  0.53852586370758337
  0.54940923735381098  0.56015054383381657  0.57061386188297702  0.58072319510050119
  0.59095660943114381  0.60203726359756338  0.61361952241874240  0.62531885078115290
  0.63700391617434027  0.64837232391423172  0.66000418722679721  0.67155752081397990
  0.68177856845873419  0.69130533090459934  0.70116737437479604  0.71112999818724254
  0.72143856460620881  0.73105016287136537  0.74062215673873510  0.75039766110837225
  0.75971892925583151  0.76996542513597677  0.78023708915864709  0.79034741240733486
  0.80000549667191867  0.80912837357429923  0.81825389315022512  0.82781328540495136
  0.83798052663547629  0.84874931955322452  0.85983827512700106  0.87085926378681666
  0.88194253237366416  0.89246735994772208  0.90339350351590253  0.91415541923350185
  0.92523184074927645  0.93638828431304844  0.94706357155737597  0.95740542532641471
  0.96803748697253333  0.97883294578700852  0.98941994602273475  1.00000000000000000
 -0.00344807122544651  0.01220787421069156  0.02196542016214150  0.03081434428868996
  0.03928802057706358  0.04936303235967270  0.05862692112692897  0.06830333367950762
  0.07750199511342099  0.08792342459938884  0.09905716498515005  0.10967218276752327
  0.11966378616902298  0.12965520359636443  0.13985602771951908  0.15033406141248301
  0.16121678357945468  0.17201754732296584  0.18260884369280642  0.19337676097970891
  0.20413386621204602  0.21491075116618280  0.22540017204610147  0.23597944113999839
  0.24684555162009864  0.25782289575222800  0.26882999395638135  0.27931036257695729
  0.28962781063508403  0.30071561706665983  0.31177279826561660  0.32196279467312350
  0.33190068097037745  0.34218059697685027  0.35249403131849155  0.36234032982551534
  0.37215698067759845  0.38265856803256737  0.39366126944988500  0.40491667330612047
  0.41636025685253925  0.42806353365656435  0.44004556196690914  0.45194117077783041
  0.46355961454231293  0.47503486038696385  0.48628590715757908  0.49710057490474063
  0.50739029522150647  0.51676511656735968  0.52603742771784878  0.53590035770363398
  0.54630301816328031  0.55718285121921896  0.56843240341648094  0.57943200785392335
  0.58937217836576816  0.59888019664384318  0.60868689781152885  0.61827030343382483
  0.62816383924971808  0.63857979866555148  0.64981709588270298  0.66198719703420894
  0.67209993258185552  0.68087347648066998  0.68986770582478962  0.69870171244817980
  0.70895305755635174  0.71915948858513012  0.72917718820809529  0.73998911901260100
  0.75099849072541658  0.76256001812555296  0.77376162230195211  0.78468359143530486
  0.79527832104983065  0.80595759668146005  0.81706251677266306  0.82840320041853288
  0.83974333077493368  0.85144450944019245  0.86296584002481602  0.87382703740448764
  0.88372160073617334  0.89352259971116899  0.90367392449362072  0.91418881325057721
  0.92512041847180571  0.93614240690042727  0.94711258323581449  0.95815763384937436
  0.96892328810120254  0.97952178275211377  0.98963415727695503  1.00000000000000000
 -0.00201670450116653  0.00896503583997189  0.01904626297562025  0.02881340169076080
  0.03910461119651373  0.04882113996480287  0.05907943104382078  0.06927184133386365
  0.07970427739901255  0.09063645086587453  0.10125120504949467  0.11190506675632769
  0.12252605055542624  0.13416185012403714  0.14557064284235224  0.15525171198623053
  0.16475868852649742  0.17468229327251697  0.18573659402253750  0.19651610471637071
  0.20728027297077917  0.21839068525953506  0.22968447280228765  0.24082039852591883
  0.25140405228603657  0.26113358909920431  0.27197068373360972  0.28240913721725552
  0.29193640818811911  0.30090628530102448  0.31001699324685800  0.32054299131279151
  0.33174342649775385  0.34302319539281823  0.35372227668637668  0.36416118357263172
  0.37398805704087068  0.38437306902271434  0.39483571822468483  0.40609147750569136
  0.41745824537347037  0.42903693778790203  0.44044949003358480  0.45169875332157111
  0.46206767672157639  0.47213613032735180  0.48216742374964389  0.49232245194960139
  0.50290451359747368  0.51301795977031239  0.52345543698931507  0.53419314548260122
  0.54527219502730517  0.55635012631025282  0.56704922943554570  0.57789765373061375
  0.58892170354509554  0.60045478179876777  0.61207769498106557  0.62349353601028346
  0.63470714293194230  0.64556555433495522  0.65591879368105743  0.66570691288093597
  0.67540060596241336  0.68575227750828505  0.69677173330641995  0.70732340914536407
  0.71717052945763771  0.72651222808258564  0.73624181648427423  0.74664978300766116
  0.75762017440600526  0.76769767116479481  0.77770548127892780  0.78745117480634241
  0.79705844405842485  0.80670143820692120  0.81636793704289257  0.82652922628902081
  0.83855737526290963  0.85055713015088175  0.86057837728465914  0.87030809125333175
  0.88028759295446546  0.89184712809207856  0.90294690769495745  0.91290962699308797
  0.92389655152451200  0.93504300411446928  0.94609271012514218  0.95692562136567771
  0.96750445928987128  0.97765106337451024  0.98838759432250689  1.00000000000000000
 -0.00266253873511495  0.00891216372678211  0.01921594290133400  0.02989745489071810
  0.04106074937661230  0.05274281769181212  0.06459739351097434  0.07604906194731922
  0.08741963033885593  0.09892183699511027  0.11071010676046920  0.12217889829210103
  0.13291992924615298  0.14330469696449410  0.15352735768791154  0.16384589707582120
  0.17442392850937316  0.18513315187324564  0.19571018003691482  0.20572755211204818
  0.21539087742290747  0.22517901926735451  0.23529798170135011  0.24567857532881990
  0.25704801191971755  0.26984807479152262  0.28271651317183127  0.29454551820432395
  0.30493742019052655  0.31450132338385528  0.32333521447437630  0.33233436878112471
  0.34193609423285892  0.35222199376430219  0.36214869195442090  0.37186284211424259
  0.38180892726192445  0.39182408539221725  0.40124448329755674  0.41044089941520417
  0.42000039703560621  0.43013829113337992  0.44027303375285515  0.45024237028190561
  0.45962186549591610  0.46889935348271267  0.47868775426762317  0.48965949423673422
  0.50040466060171962  0.51113511565403635  0.52142406059116897  0.53176502633985701
  0.54224814011606048  0.55281787557509254  0.56357752917212489  0.57413727888343702
  0.58446884127413701  0.59503579466723788  0.60584885974807634  0.61630114319524754
  0.62679384472544608  0.63743272788310745  0.64733945211831323  0.65680922932550878
  0.66625956684255683  0.67632978152657941  0.68729256491997615  0.69829435027518727
  0.70857717476709448  0.71782851440841400  0.72715610718495138  0.73705879868844071
  0.74704749150600491  0.75629184679133199  0.76538095167903519  0.77523796711190018
  0.78550095004017328  0.79583571350662086  0.80647765805014227  0.81764551737846125
  0.82858196903642967  0.83934574174558685  0.85063018765720033  0.86226349195306851
  0.87388128611490767  0.88528819608146248  0.89659538221281854  0.90812137810078042
  0.91991468705936796  0.93238108270988973  0.94481087888533122  0.95627689747744615
  0.96783579503380135  0.97887717082738879  0.98965645140907010  1.00000000000000000
 -0.00236475549766227  0.00909610957892100  0.01985108938454944  0.03051076073276025
  0.04155924406468513  0.05265998981608509  0.06307182983275278  0.07351909743615893
  0.08381219355785145  0.09544277393161230  0.10572343092431837  0.11648078433704087
  0.12742849645293622  0.13846260868622015  0.14959844438029507  0.16076768347893181
  0.17147851865725278  0.18086337610065423  0.19008098507860116  0.19952741385146747
  0.20966403425246238  0.21923190036109602  0.22908958547651229  0.23973960968256403
  0.25127185222330145  0.26294184997478481  0.27514942060334430  0.28753098769491992
  0.29937664268343595  0.31022744399146651  0.32124842000627463  0.33183578454779561
  0.34224633454675973  0.35254055808305890  0.36303277257713895  0.37346162578318892
  0.38330536380908253  0.39317238073195460  0.40365016405772963  0.41444048764262681
  0.42465588289923367  0.43395175750555742  0.44325203463892393  0.45309494590880156
  0.46411851272108240  0.47554658542073902  0.48719787427872585  0.49802134540513859
  0.50802005903666092  0.51748952777034496  0.52801392023073934  0.53960877457400902
  0.55072274879646077  0.56148631064344490  0.57179930278757340  0.58196052196577142
  0.59063669562265297  0.59960505481935633  0.60845786314862860  0.61760909624177873
  0.62685780099957689  0.63670994469692666  0.64698647886504612  0.65772975020999092
  0.66892834580573302  0.68046607647269031  0.69171813876604804  0.70197626049626094
  0.71166826317061871  0.72168057794648299  0.73246357161313735  0.74364365088549400
  0.75421858681183407  0.76413671604745226  0.77415818827030503  0.78478011752752030
  0.79560152900600356  0.80641402058178280  0.81683743897589878  0.82771546713621957
  0.83870748289085917  0.84982995989306309  0.86163275423823038  0.87422996111120244
  0.88518963422165287  0.89532072652012473  0.90494371135619689  0.91500942880553748
  0.92519791003406116  0.93486155266975601  0.94484468343035044  0.95460448982503388
  0.96491596382751010  0.97649501958874829  0.98792140671149276  1.00000000000000000
 -0.00305826775184063  0.01103557696904860  0.02363632480548368  0.03526135183538496
  0.04588536382456562  0.05591289923593693  0.06569741976354711  0.07560095256360932
  0.08566783317575172  0.09615735466233534  0.10716261321338531  0.11879519447956617
  0.13072503459824880  0.14246468148264868  0.15396324869036060  0.16527133668200275
  0.17639867866479386  0.18737478991363055  0.19778339480060927  0.20797946606092396
  0.21825836110831523  0.22799330718563574  0.23708430717686110  0.24605856538710169
  0.25557539710793026  0.26560859107100743  0.27583654273559133  0.28570987759745381
  0.29474907099695052  0.30625930675563900  0.31527347579312270  0.32415088660487457
  0.33358846758561511  0.34248432087654773  0.35259318680291296  0.36303572382455490
  0.37275743175347203  0.38238041321827776  0.39185974261029299  0.40082275249803873
  0.41009560597590133  0.41979134118067390  0.43068687751666279  0.44167257737113796
  0.45291386801512140  0.46406219980490848  0.47434072226635138  0.48468262843972137
  0.49498412973290945  0.50574884789901609  0.51604542199619707  0.52625197828634951
  0.53651642816171285  0.54698648855673082  0.55775887149848347  0.56775808147318207
  0.57799905889198677  0.58936128040478497  0.60161293688498230  0.61266193347209019
  0.62361589088648206  0.63541441644095897  0.64704619550429932  0.65823333739772993
  0.66901193909689693  0.67963620676463854  0.69051483258363178  0.70167590022085591
  0.71286525320164973  0.72385607142885711  0.73504346980406121  0.74604622432794920
  0.75691732700726111  0.76756580730774393  0.77826212768161351  0.78835030358929692
  0.79778051636671599  0.80698611536595699  0.81609903990463484  0.82694593223106438
  0.83829126721235370  0.84925343792019070  0.85908817591442910  0.86871186932871769
  0.87896020700985300  0.88947112927692629  0.89989975864081651  0.91006259851317117
  0.92064612137842405  0.93124098666622379  0.94270988728758376  0.95385915023783563
  0.96519168619008555  0.97708171990985881  0.98817480204085917  1.00000000000000000
 -0.00307149009702690  0.01079635083373484  0.02271643195671197  0.03397436997028767
  0.04501097251259678  0.05544789257144186  0.06521020074209348  0.07491681382429134
  0.08505993477043748  0.09579245290180535  0.10698525288766390  0.11832438580453510
  0.12941135931573294  0.13979671396761012  0.14941652828973009  0.15881221774951160
  0.16852004263007916  0.17894120345830974  0.18976107620687066  0.20048811209475642
  0.21094550624119174  0.22107241492456217  0.23111132365633974  0.24091752688243023
  0.25102249783619568  0.26210109752620231  0.27392954957048143  0.28562660940438722
  0.29628585331880219  0.30646931165230551  0.31713425188822492  0.32829606635054298
  0.33886303293817716  0.34856609996342669  0.35852153277132631  0.36828172302404483
  0.37721777428130071  0.38535526040336859  0.39388199194643092  0.40313148708689950
  0.41282839010926659  0.42281493110939627  0.43268876099323972  0.44229027299563833
  0.45215094668781530  0.46236325871151623  0.47320253400627299  0.48519722954227906
  0.49735288981851727  0.50852821203571896  0.51968760084894827  0.52940359301008355
  0.53951527460140214  0.54981328881264824  0.56106988048207962  0.57223540966821851
  0.58227827345652361  0.59257164818379038  0.60284173823390685  0.61317812980400799
  0.62331558913763030  0.63383105235226500  0.64477377678774417  0.65628334213636264
  0.66787158864499829  0.67818048690378230  0.68763589037447181  0.69687319099601519
  0.70595519073524826  0.71514344874990710  0.72477388690927280  0.73510623292890720
  0.74593045933761593  0.75673267763855945  0.76710557192654205  0.77727130297842217
  0.78690267203856890  0.79691158071836987  0.80818307477143436  0.81934413107322690
  0.83069121301610160  0.84273319083359921  0.85511134312091808  0.86782668586449607
  0.88028250635734306  0.89221803364470065  0.90341269827606274  0.91373401723343495
  0.92335244079094880  0.93276492948119571  0.94274569392993601  0.95301246416088914
  0.96376048878185905  0.97509414298463426  0.98729207291629328  1.00000000000000000
 -0.00209515003055290  0.00864327080911672  0.01889806645658332  0.03017326816394706
  0.04128798461906943  0.05221876515003071  0.06333475243609447  0.07527483496849818
  0.08760285914184719  0.09966922682944405  0.11193667113792048  0.12365167007153059
  0.13498533329968221  0.14651239428528395  0.15745361703711169  0.16771154414730591
  0.17745487704732507  0.18710942796349353  0.19686343005838208  0.20662165757827355
  0.21718155930239519  0.22780611942292675  0.23832097359490553  0.24909258124187716
  0.25993237430115756  0.27127158199417656  0.28272448804548650  0.29367382543757020
  0.30397568231108235  0.31436964940675605  0.32538923472317688  0.33664783258387787
  0.34830121217378707  0.35964752743512263  0.37008565392857129  0.37967495232711507
  0.38864117561849199  0.39847901595721785  0.40805268912153558  0.41729068439522199
  0.42658587696150263  0.43607551718636861  0.44849399803971657  0.46175099031809758
  0.47421555586130981  0.48586704551523258  0.49731910345333447  0.50881944169374271
  0.52021753696805739  0.53129864667569870  0.54199729641044392  0.55245208481541341
  0.56289727214580887  0.57353005268705060  0.58451404951081365  0.59591800169704268
  0.60759161481795076  0.61926902521672733  0.63050749052476651  0.64098721089387178
  0.65115415350500527  0.66153726108851818  0.67245617114179523  0.68355589150511953
  0.69383295780776133  0.70292575879174946  0.71229841844321518  0.72225540441201574
  0.73228805908028238  0.74201504325818435  0.75152183902803171  0.76088559769837816
  0.76983720772118591  0.77868644590319847  0.78718352200675945  0.79626820037002499
  0.80637261736443189  0.81658051201389992  0.82706982409212959  0.83701293350978112
  0.84712377909876868  0.85715927251798907  0.86727626828396687  0.87764842553760980
  0.88802835878388509  0.89869077683805076  0.90900998797816557  0.91870616058444277
  0.92844129949039200  0.93817459922926383  0.94858655204854680  0.95958257443660844
  0.97104152776295949  0.98190016967400151  0.99146123849960299  1.00000000000000000
 -0.00260377565095057  0.00993091957031928  0.02074906231585466  0.03128743206389964
  0.04261001844353079  0.05422684687085020  0.06551209640336043  0.07609813272905189
  0.08644496439013673  0.09695982767694053  0.10770436643824084  0.11782688326769550
  0.12797703245608649  0.13813077688511979  0.14845090816814777  0.15816939939152655
  0.16800939730412612  0.17824379535549251  0.18943762993783192  0.20150850728218392
  0.21341348830886991  0.22542346051742640  0.23776326260634556  0.24990882469107703
  0.26108003604954960  0.27179623995051727  0.28137861880167275  0.29107779248124682
  0.30082897315840285  0.31130073829119886  0.32173967274436921  0.33179890857290589
  0.34159036817520350  0.35122897385506030  0.36088186131822469  0.37078726707443804
  0.38079481258537740  0.39054921390937047  0.40025963982397356  0.41041447950312498
  0.42161544216913599  0.43237290597581401  0.44184446233591945  0.45062378811606707
  0.45919935088402419  0.46811222286342002  0.47732244175749616  0.48600915690323654
  0.49406715008210828  0.50283237243108991  0.51282390774253583  0.52249382373382680
  0.53111815452266120  0.53955779668895654  0.55021463487303679  0.56127600566290492
  0.57244516797052336  0.58391560929182362  0.59490363285681336  0.60604397182937242
  0.61693015186973865  0.62778377147845155  0.63868148392341573  0.64924355264694666
  0.65943020205936198  0.66981317464772883  0.68062432561896680  0.69205243133263905
  0.70350630065747555  0.71436554218268600  0.72416820369475254  0.73382353463925964
  0.74384769344780532  0.75449817401458752  0.76596000954387666  0.77777213498689646
  0.78947729060483507  0.80101096741633304  0.81250266619630895  0.82430048637066766
  0.83634604576841964  0.84769941857243569  0.85826429168587937  0.86876427211683982
  0.87911732736182302  0.88968731359831221  0.90099705456249080  0.91358591194987893
  0.92504373846079624  0.93593469292412645  0.94649917570871034  0.95619557706768354
  0.96565108623523266  0.97557493223764002  0.98651672448671102  1.00000000000000000
 -0.00224340133359308  0.00873201356856875  0.01943071972682416  0.03045236291601762
  0.04027838558050860  0.04879969256252140  0.05770478273917384  0.06712956351917743
  0.07726313987068709  0.08797699961854030  0.09916074337408000  0.10994093219414083
  0.12100662777376793  0.13134229976827677  0.14078410944605937  0.15050743908329617
  0.16168513995058784  0.17316911909591087  0.18484956095391045  0.19665398942848705
  0.20802701204794857  0.21808429419599251  0.22856194964904003  0.23834925819470965
  0.24808062596487745  0.25725801006649812  0.26668552783356664  0.27606875567987066
  0.28526225911090514  0.29518480201916508  0.30555784200040154  0.31521285184045988
  0.32478917222272896  0.33475909432154471  0.34473622078389343  0.35500407315984794
  0.36546572626335133  0.37620669425390918  0.38656345885335686  0.39687095712586212
  0.40688151600947359  0.41685023094548673  0.42671288747674652  0.43678762449978781
  0.44708928546211829  0.45741466919230189  0.46761802796590735  0.47826398744517734
  0.48930008885483084  0.49998817809513352  0.50992964045142142  0.52005963570400415
  0.53099412753184760  0.54247270121546587  0.55404930413043463  0.56530000044826456
  0.57597409880150519  0.58647053710075814  0.59778289102139814  0.60969514245327527
  0.62074332075254379  0.63151514666099284  0.64196336042425350  0.65333374549969681
  0.66470366353497068  0.67547823086969938  0.68636276153705167  0.69671584941639397
  0.70619620902991065  0.71566428905972168  0.72590864212342099  0.73664406224435508
  0.74766637263481350  0.75898966016186942  0.76995918239283190  0.78024423038060220
  0.79023839665721141  0.80051924044554079  0.81106475902056374  0.82130733456791216
  0.83142126223387947  0.84200782529176987  0.85386908755249080  0.86658442054254436
  0.87813944349296724  0.88957068999377387  0.90106391082444259  0.91358139543881578
  0.92545487343917932  0.93669384378849985  0.94755402059115090  0.95780704633988467
  0.96942730414484990  0.97969862775700456  0.99024936570463018  1.00000000000000000
 -0.00271928267707113  0.01026756547380025  0.01998575180309256  0.02943232481069043
  0.03798464234349690  0.04666737762795636  0.05552277068238391  0.06454297157403885
  0.07337091595311268  0.08240505963317303  0.09149857029255752  0.10060643905531251
  0.11007553861895647  0.12016074410635615  0.13107361187128441  0.14227582897079358
  0.15324580818945110  0.16406036198144258  0.17476593675763563  0.18533038658766304
  0.19565263683413514  0.20554800755663744  0.21559750251468895  0.22681013490220475
  0.23838714443984521  0.24927773370397774  0.25970550403397524  0.26981590809104750
  0.27968453525398584  0.28990843585469528  0.29947452590631063  0.30957984020418766
  0.32017355303814465  0.32984665584910211  0.33885631463352245  0.34761422019735200
  0.35691908891676710  0.36687383458837924  0.37728418754912041  0.38788636324380565
  0.39858278996382168  0.40973536634163904  0.42086783337415934  0.43163276436040027
  0.44207156642526080  0.45249295368283105  0.46415254505345543  0.47619354966960858
  0.48715928343953546  0.49719684239954554  0.50700909080442247  0.51712273896296479
  0.52726825055393667  0.53751522468140944  0.54811011859217873  0.55873939348579549
  0.56915548569837127  0.57958436555794435  0.59052794335506076  0.60213969889717023
  0.61383197814285850  0.62541894638848261  0.63681918203166632  0.64776831876252960
  0.65827647024618752  0.66882721883458318  0.67961465965441692  0.69038382143621357
  0.70076572061296083  0.71066018365081918  0.72029813909138363  0.73043293917562235
  0.74177938836174362  0.75364884022909173  0.76518166050653291  0.77650268693696078
  0.78800895539048410  0.79969971100440806  0.81189238931251728  0.82409164608719565
  0.83571545656353441  0.84671649146264794  0.85726564190900123  0.86801108654445569
  0.87920626643414246  0.89084731453574229  0.90238506312677091  0.91383008499571050
  0.92503708520513495  0.93582690741876107  0.94658881815570806  0.95753175881815500
  0.96859264819814694  0.97941264025255881  0.98976955701671676  1.00000000000000000
 -0.00170386346176296  0.00708469250852312  0.01658362009912443  0.02599969335207802
  0.03569827739708850  0.04553331522139879  0.05551837802384877  0.06559606133565145
  0.07626859863080106  0.08741913290111006  0.09816719061422013  0.10887866182134921
  0.11879721452344001  0.12904271115531835  0.13955393991272622  0.15017955683390252
  0.16109950873632381  0.17211459421672354  0.18268366523406115  0.19375618388109345
  0.20406142521264536  0.21471168166568130  0.22568928554614193  0.23705557602466540
  0.24811455251005782  0.25946629028079038  0.27027404843722547  0.28120228259144930
  0.29236376586416379  0.30516644839331902  0.31720533096906961  0.32842995343086084
  0.33924818513228860  0.34957219296774139  0.36009760715356631  0.37099287295040495
  0.38214153448251370  0.39302438711133558  0.40329069182785160  0.41341121610123865
  0.42372657638514033  0.43451199787256511  0.44551645409440255  0.45663907153376010
  0.46748268740034515  0.47809939030391835  0.48853095852893519  0.49877357937794220
  0.50892730008101694  0.51965763083996785  0.53102435039090101  0.54267081393347971
  0.55369365757204336  0.56462030103232597  0.57565497678580402  0.58625088109344992
  0.59595436305675531  0.60574849962514754  0.61629297525323390  0.62753921537007840
  0.63880380989640406  0.64880576960668002  0.65730989507128690  0.66628511058715900
  0.67596772986600673  0.68562087470693867  0.69585815342542146  0.70541387517498511
  0.71652921558747040  0.72786000167376552  0.73925791717971445  0.75057202340579499
  0.76164712951625257  0.77263469281179098  0.78334558575867042  0.79415847980861021
  0.80483660254292022  0.81450442472862206  0.82373314033698153  0.83285638129376083
  0.84191664254840304  0.85081180560903003  0.86005753110704375  0.86970488743159846
  0.88007710552958474  0.89058426543172320  0.90129450628728836  0.91278217791040117
  0.92438160511340495  0.93602416523789156  0.94719941540321351  0.95800789439546041
  0.96850362296166270  0.97891267561079010  0.98929516961323116  1.00000000000000000
  0.00890437134644485  0.01779827866746959  0.02914846510560612  0.04140482432295989
  0.05221533175590148  0.06236450694038700  0.07232463338047371  0.08198137973854788
  0.09255652353907516  0.10304193665390232  0.11386598097665263  0.12395858195925816
  0.13405435529761500  0.14455307920562743  0.15567033792799220  0.16744810593013271
  0.17873106340416067  0.19015830413725338  0.20176005019077201  0.21335937031986252
  0.22489187851656986  0.23567756859907601  0.24539798876916419  0.25484115584258027
  0.26429402619414910  0.27351004622673747  0.28307575702163884  0.29340707945892619
  0.30472013694593436  0.31626658437554245  0.32729237814286383  0.33803586059898105
  0.34859389653524059  0.35887051643779549  0.36869235125044264  0.37805507619061607
  0.38770157531714966  0.39779931393340034  0.40791805824574034  0.41790925916949578
  0.42805222820491329  0.43843475559273587  0.44909129338953591  0.45991502291142367
  0.47125246031737206  0.48236791151712483  0.49274259170821266  0.50305749695306812
  0.51341012478487080  0.52326826790737735  0.53265468883650913  0.54257068982677636
  0.55339580144407652  0.56474277269442752  0.57567142577654595  0.58711733405089517
  0.59908292724627199  0.61052456289247381  0.62129401835747489  0.63154922892677445
  0.64181008970275744  0.65202125546355605  0.66170972462498423  0.67118678984329838
  0.68066255391363251  0.68997914162100382  0.69911838980627317  0.70855476511135573
  0.71857578775572462  0.72956924913218801  0.74032329876329972  0.75103758697190803
  0.76204387688790776  0.77214511519796514  0.78302623518476289  0.79276022845662708
  0.80195346851246596  0.81084242339704049  0.82028320278161360  0.82924616415645758
  0.83792211844729791  0.84652876024910351  0.85568239658905298  0.86537775617154822
  0.87538606070589264  0.88609302376656696  0.89758642038794667  0.90908068787277840
  0.91917095940565219  0.92937542067337342  0.94004285444594404  0.95127179328576961
  0.96417296427296906  0.97572145872505678  0.98769183938349203  1.00000000000000000
 -0.03832585122720698  0.17134781914496458  0.21923260820753712  0.24512708249528400
  0.26275147698234919  0.27730737941951933  0.28982679719408649  0.29994537802592491
  0.30942984212750679  0.31830739864548835  0.32644691582753765  0.33397975402769453
  0.34137022313283039  0.34859284671297558  0.35535111822139759  0.36166372296087318
  0.36770582619652564  0.37348987406372763  0.37908924381203168  0.38449627673003406
  0.38979927141051024  0.39481876042715880  0.39945744506637071  0.40402573329352309
  0.40864970983147864  0.41318304088136992  0.41757223138719818  0.42192183211959894
  0.42614265868780532  0.43030598746534504  0.43453036215280832  0.43878937989780170
  0.44325466578347450  0.44789610360872378  0.45249761113175907  0.45692345565059422
  0.46120425234754536  0.46533538905118338  0.46942294520859218  0.47369889072361959
  0.47794784236721288  0.48189053358209205  0.48576872454976222  0.48953535175679880
  0.49316039238673393  0.49680970995146789  0.50055047640103201  0.50429915278318604
  0.50792297330079517  0.51123273174361183  0.51445892158523998  0.51783073768308219
  0.52125564211183106  0.52487696836424969  0.52859674812267599  0.53241197595573153
  0.53631440253963736  0.54022341882155134  0.54420329643056653  0.54814892556734485
  0.55204447476995999  0.55599817724247003  0.56008375187720927  0.56419511695014857
  0.56775030900686352  0.57126679988048290  0.57491028717665260  0.57878621418225218
  0.58290422683856113  0.58689573630125624  0.59054944627381023  0.59424972419538502
  0.59815128901980896  0.60219749882854934  0.60653145086681348  0.61096003531498944
  0.61564799985843099  0.62054449397885170  0.62539795009236621  0.63089066288773099
  0.63619201944777215  0.64189244041605886  0.64772591836718596  0.65459303638127475
  0.66225542735943943  0.67042045356006996  0.67871862365771696  0.68764572615464947
  0.69785383428005143  0.70918466138536007  0.72210521687345719  0.73761976717171041
  0.75543567207356332  0.77953515144988017  0.82674951653464868  1.00000000000000000
   1.8073379269222711E-013  -1.0000000000000000     
 T T F F F F F F F F F F F F F F F F F F F F F F F F F F F F F F F F F F F F F F F F F F F F F F F F F F F F F F F F F F F F F F F F F F F F F F F F F F F F F F F F F F F F F F F F F F F F F F F F F F F F F F F F F F F F F F F F F F F F F F F F F F F F F F F F F F F F F F F F F F F F F F F F F F F F F F F F F F F F F F F F F F F F F F F F F F F F F F F F F F F F F F F F F F F F F F F F F F F F F F F F F F F F F F F F F F F F F F F F F F F F F F F F F F F F F F F F F F F F F F F F F F F F F F F F F F F F F F F F F F F F F F F F F F F F F F F F F F F F F F F F F F F F F F F F F F F F F F F F F F F F F F F F F F F F F F F F F F F F F F F F F F F F F F F F F F F F F F F F F F F F F F F F F F F F F F F F F F F F F F F F F F F F F F F F F F F F F F F F F F F F F F F F F F F F F F F F F F F F F F F F F F F F F F F F F F F F F F F F F F F F F F F F F F F F F F F F F F F F F F F F F F F F F F F F F F F F F F F F F F F F F F F F F F F F F F F F F F F F F F F F F F F F F F F F F F F F F F F F F F F F F F F F F F F F F F F F F F F F F F F F F F F F F F F F F F F F F F F F F F F F F F F F F F F F F F F F F F F F F F F F F F F F F F F F F F F F F F F F F F F F F F F F F F F F F F F F F F F F F F F F F F F F F F F F F F F F F F F F F F F F F F F F F F F F F F F F F F F F F F F F F F F F F F F F F F F F F F F F F F F F F F F F F F F F F F F F F F F F F F F F F F F F F F F F F F F F F F F F F F F F F F F F F F F F F F F F F F F F F F F F F F F F F F F F F F F F F F F F F F F F F F F F F F F F F F F F F F F F F F F F F F F F F F T T F F F F F F F F F F F F F F F F F F F F F F F F F F F F F F F F F F F F F F F F F F F F F F F F F F F F F F F F F F F F F F F F F F F F F F F F F F F F F F F F F F F F F F F F F F F F F F F F F F F F F F F F F F F F F F F F F F F F F F F F F F F F F F F F F F F F F F F F F F F F F F F F F F F F F F F F F F F F F F F F F F F F F F F F F F F F F F F F F F F F F F F F F F F F F F F F F F F F F F F F F F F F F F F F F F F F F F F F F F F F F F F F F F F F F F F F F F F F F F F F F F F F F F F F F F F F F F F F F F F F F F F F F F F F F F F F F F F F F F F F F F F F F F F F F F F F F F F F F F F F F F F F F F F F F F F F F F F F F F F F F F F F F F F F F F F F F F F F F F F F F F F F F F F F F F F F F F F F F F F F F F F F F F F F F F F F F F F F F F F F F F F F F F F F F F F F F F F F F F F F F F F F F F F F F F F F F F F F F F F F F F F F F F F F F F F F F F F F F F F F F F F F F F F F F F F F F F F F F F F F F F F F F F F F F F F F F F F F F F F F F F F F F F F F F F F F F F F F F F F F F F F F F F F F F F F F F F F F F F F F F F F F F F F F F F F F F F F F F F F F F F F F F F F F F F F F F F F F F F F F F F F F F F F F F F F F F F F F F F F F F F F F F F F F F F F F F F F F F F F F F F F F F F F F F F F F F F F F F F F F F F F F F F F F F F F F F F F F F F F F F F F F F F F F F F F F F F F F F F F F F F F F F F F F F F F F F F F F F F F F F F F F F F F F F F F F F F F F F F F F F F F F F F F F F F F F F F F F F F F F F F F F F F F F F F F F F F F F F F F F F F F F F F F F F F F F F F F F F F F F F F F F F F F F F F F F F F F F F F F F F F F F F F F F F F F F F F F F F F F F F F F F F F F F F F F F F F F F F F F F F F F F F F F F F F F F F F F F F F F F F F F F F F F F F F F F F F F F F F F F F F F F F F F F F F F F F F F F F F F F F F F F F F F F F F F F F F F F F F F F F F F F F F F F F F F F F F F F F F F F F F F F F F F F F F F F F F F F F F F F F F F F F F F F F F F F F F F F F F F F F F F F F F F F F F F F F F F F F F F F F F F F F F F F F F F F F F F F F F F F F F F F F F F F F F F F F F F F F F F F F F F F F F F F F F F F F F F F F F F F F F F F F F F F F F F F F F F F F F F F F F F F F F F F F F F F F F F F F F F F F F F F F F F F F F F F F F F F F F F F F F F F F F F F F F F F F F F F F F F F F F F F F F F F F F F F F F F F F F F F F F F F F F F F F F F F F F F F F F F F F F F F F F F F F F F F F F F F F F F F F F F F F F F F F F F F F F F F F F F F F F F F F F F F F F F F F F F F F F F F F F F F F F F F F F F F F F F F F F F F F F F F F F F F F F F F F F F F F F F F F F F F F F F F F F F F F F F F F F
  <DiscreteSampler_grid>
  grouped_processes
  1 # 1 for a reference and 2 for a running grid.
  10 # Attribute 'min_bin_probing_points' of the grid.
  1 # Attribute 'grid_mode' of the grid. 1=='default',2=='initialization'
  0.0000000000000000 # Attribute 'small_contrib_threshold' of the grid.
  0.5000000000000000 # Attribute 'damping_power' of the grid.
 # binID   n_entries weight   weight_sqr   abs_weight
    49   10   8.634596023941803E+008   4.208158804039406E+018   8.634596023941803E+008
    52   10   4.614172310870136E+007   1.201698975029235E+016   4.614172310870136E+007
    61   10   4.614172310870159E+007   1.201698975029241E+016   4.614172310870159E+007
    64   10   2.465730423909438E+006   3.431620558616161E+013   2.465730423909438E+006
    73   10   2.465730423909443E+006   3.431620558616164E+013   2.465730423909443E+006
    82   10   1.317641846419501E+005   9.799475495126080E+010   1.317641846419501E+005
    100   10   9.782585751424100E+008   4.623812360332164E+018   9.782585751424100E+008
    103   10   5.227637306687535E+007   1.320394698224092E+016   5.227637306687535E+007
    112   10   5.227637306687446E+007   1.320394698224072E+016   5.227637306687446E+007
    115   10   2.793555048192908E+006   3.770572902255523E+013   2.793555048192908E+006
    121   10   5.227637306687550E+007   1.320394698224100E+016   5.227637306687550E+007
    124   10   2.793555048192964E+006   3.770572902255607E+013   2.793555048192964E+006
    130   10   2.793555048192957E+006   3.770572902255602E+013   2.793555048192957E+006
    133   10   1.492825410305537E+005   1.076740161888417E+011   1.492825410305537E+005
  </DiscreteSampler_grid>
